 0.000000
 0.000000
 3.000000
 0.100000
 0.000000
 3.034261
 0.200000
 0.000000
 3.133688
 0.300000
 0.000000
 3.288550
 0.400000
 0.000000
 3.483688
 0.500000
 0.000000
 3.700000
 0.600000
 0.000000
 3.916312
 0.700000
 0.000000
 4.111450
 0.800000
 0.000000
 4.266312
 0.900000
 0.000000
 4.365739
 1.000000
 0.000000
 4.400000
 1.100000
 0.000000
 4.365739
 1.200000
 0.000000
 4.266312
 1.300000
 0.000000
 4.111450
 1.400000
 0.000000
 3.916312
 1.500000
 0.000000
 3.700000
 1.600000
 0.000000
 3.483688
 1.700000
 0.000000
 3.288550
 1.800000
 0.000000
 3.133688
 1.900000
 0.000000
 3.034261
 2.000000
 0.000000
 3.000000
 0.000000
 0.400000
 3.000000
 0.100000
 0.400000
 3.034261
 0.200000
 0.400000
 3.133688
 0.300000
 0.400000
 3.288550
 0.400000
 0.400000
 3.483688
 0.500000
 0.400000
 3.700000
 0.600000
 0.400000
 3.916312
 0.700000
 0.400000
 4.111450
 0.800000
 0.400000
 4.266312
 0.900000
 0.400000
 4.365739
 1.000000
 0.400000
 4.400000
 1.100000
 0.400000
 4.365739
 1.200000
 0.400000
 4.266312
 1.300000
 0.400000
 4.111450
 1.400000
 0.400000
 3.916312
 1.500000
 0.400000
 3.700000
 1.600000
 0.400000
 3.483688
 1.700000
 0.400000
 3.288550
 1.800000
 0.400000
 3.133688
 1.900000
 0.400000
 3.034261
 2.000000
 0.400000
 3.000000
 0.000000
 0.800000
 3.000000
 0.100000
 0.800000
 3.034261
 0.200000
 0.800000
 3.133688
 0.300000
 0.800000
 3.288550
 0.400000
 0.800000
 3.483688
 0.500000
 0.800000
 3.700000
 0.600000
 0.800000
 3.916312
 0.700000
 0.800000
 4.111450
 0.800000
 0.800000
 4.266312
 0.900000
 0.800000
 4.365739
 1.000000
 0.800000
 4.400000
 1.100000
 0.800000
 4.365739
 1.200000
 0.800000
 4.266312
 1.300000
 0.800000
 4.111450
 1.400000
 0.800000
 3.916312
 1.500000
 0.800000
 3.700000
 1.600000
 0.800000
 3.483688
 1.700000
 0.800000
 3.288550
 1.800000
 0.800000
 3.133688
 1.900000
 0.800000
 3.034261
 2.000000
 0.800000
 3.000000
 0.000000
 1.200000
 3.000000
 0.100000
 1.200000
 3.034261
 0.200000
 1.200000
 3.133688
 0.300000
 1.200000
 3.288550
 0.400000
 1.200000
 3.483688
 0.500000
 1.200000
 3.700000
 0.600000
 1.200000
 3.916312
 0.700000
 1.200000
 4.111450
 0.800000
 1.200000
 4.266312
 0.900000
 1.200000
 4.365739
 1.000000
 1.200000
 4.400000
 1.100000
 1.200000
 4.365739
 1.200000
 1.200000
 4.266312
 1.300000
 1.200000
 4.111450
 1.400000
 1.200000
 3.916312
 1.500000
 1.200000
 3.700000
 1.600000
 1.200000
 3.483688
 1.700000
 1.200000
 3.288550
 1.800000
 1.200000
 3.133688
 1.900000
 1.200000
 3.034261
 2.000000
 1.200000
 3.000000
 0.000000
 1.600000
 3.000000
 0.100000
 1.600000
 3.034261
 0.200000
 1.600000
 3.133688
 0.300000
 1.600000
 3.288550
 0.400000
 1.600000
 3.483688
 0.500000
 1.600000
 3.700000
 0.600000
 1.600000
 3.916312
 0.700000
 1.600000
 4.111450
 0.800000
 1.600000
 4.266312
 0.900000
 1.600000
 4.365739
 1.000000
 1.600000
 4.400000
 1.100000
 1.600000
 4.365739
 1.200000
 1.600000
 4.266312
 1.300000
 1.600000
 4.111450
 1.400000
 1.600000
 3.916312
 1.500000
 1.600000
 3.700000
 1.600000
 1.600000
 3.483688
 1.700000
 1.600000
 3.288550
 1.800000
 1.600000
 3.133688
 1.900000
 1.600000
 3.034261
 2.000000
 1.600000
 3.000000
 0.000000
 2.000000
 3.000000
 0.100000
 2.000000
 3.034261
 0.200000
 2.000000
 3.133688
 0.300000
 2.000000
 3.288550
 0.400000
 2.000000
 3.483688
 0.500000
 2.000000
 3.700000
 0.600000
 2.000000
 3.916312
 0.700000
 2.000000
 4.111450
 0.800000
 2.000000
 4.266312
 0.900000
 2.000000
 4.365739
 1.000000
 2.000000
 4.400000
 1.100000
 2.000000
 4.365739
 1.200000
 2.000000
 4.266312
 1.300000
 2.000000
 4.111450
 1.400000
 2.000000
 3.916312
 1.500000
 2.000000
 3.700000
 1.600000
 2.000000
 3.483688
 1.700000
 2.000000
 3.288550
 1.800000
 2.000000
 3.133688
 1.900000
 2.000000
 3.034261
 2.000000
 2.000000
 3.000000
 0.000000
 0.000000
 3.100000
 0.100000
 0.000000
 3.132547
 0.200000
 0.000000
 3.227004
 0.300000
 0.000000
 3.374123
 0.400000
 0.000000
 3.559504
 0.500000
 0.000000
 3.765000
 0.600000
 0.000000
 3.970496
 0.700000
 0.000000
 4.155877
 0.800000
 0.000000
 4.302997
 0.900000
 0.000000
 4.397452
 1.000000
 0.000000
 4.430000
 1.100000
 0.000000
 4.397452
 1.200000
 0.000000
 4.302997
 1.300000
 0.000000
 4.155877
 1.400000
 0.000000
 3.970496
 1.500000
 0.000000
 3.765000
 1.600000
 0.000000
 3.559504
 1.700000
 0.000000
 3.374123
 1.800000
 0.000000
 3.227004
 1.900000
 0.000000
 3.132547
 2.000000
 0.000000
 3.100000
 0.000000
 0.400000
 3.100000
 0.100000
 0.400000
 3.132547
 0.200000
 0.400000
 3.227004
 0.300000
 0.400000
 3.374123
 0.400000
 0.400000
 3.559504
 0.500000
 0.400000
 3.765000
 0.600000
 0.400000
 3.970496
 0.700000
 0.400000
 4.155877
 0.800000
 0.400000
 4.302997
 0.900000
 0.400000
 4.397452
 1.000000
 0.400000
 4.430000
 1.100000
 0.400000
 4.397452
 1.200000
 0.400000
 4.302997
 1.300000
 0.400000
 4.155877
 1.400000
 0.400000
 3.970496
 1.500000
 0.400000
 3.765000
 1.600000
 0.400000
 3.559504
 1.700000
 0.400000
 3.374123
 1.800000
 0.400000
 3.227004
 1.900000
 0.400000
 3.132547
 2.000000
 0.400000
 3.100000
 0.000000
 0.800000
 3.100000
 0.100000
 0.800000
 3.132547
 0.200000
 0.800000
 3.227004
 0.300000
 0.800000
 3.374123
 0.400000
 0.800000
 3.559504
 0.500000
 0.800000
 3.765000
 0.600000
 0.800000
 3.970496
 0.700000
 0.800000
 4.155877
 0.800000
 0.800000
 4.302997
 0.900000
 0.800000
 4.397452
 1.000000
 0.800000
 4.430000
 1.100000
 0.800000
 4.397452
 1.200000
 0.800000
 4.302997
 1.300000
 0.800000
 4.155877
 1.400000
 0.800000
 3.970496
 1.500000
 0.800000
 3.765000
 1.600000
 0.800000
 3.559504
 1.700000
 0.800000
 3.374123
 1.800000
 0.800000
 3.227004
 1.900000
 0.800000
 3.132547
 2.000000
 0.800000
 3.100000
 0.000000
 1.200000
 3.100000
 0.100000
 1.200000
 3.132547
 0.200000
 1.200000
 3.227004
 0.300000
 1.200000
 3.374123
 0.400000
 1.200000
 3.559504
 0.500000
 1.200000
 3.765000
 0.600000
 1.200000
 3.970496
 0.700000
 1.200000
 4.155877
 0.800000
 1.200000
 4.302997
 0.900000
 1.200000
 4.397452
 1.000000
 1.200000
 4.430000
 1.100000
 1.200000
 4.397452
 1.200000
 1.200000
 4.302997
 1.300000
 1.200000
 4.155877
 1.400000
 1.200000
 3.970496
 1.500000
 1.200000
 3.765000
 1.600000
 1.200000
 3.559504
 1.700000
 1.200000
 3.374123
 1.800000
 1.200000
 3.227004
 1.900000
 1.200000
 3.132547
 2.000000
 1.200000
 3.100000
 0.000000
 1.600000
 3.100000
 0.100000
 1.600000
 3.132547
 0.200000
 1.600000
 3.227004
 0.300000
 1.600000
 3.374123
 0.400000
 1.600000
 3.559504
 0.500000
 1.600000
 3.765000
 0.600000
 1.600000
 3.970496
 0.700000
 1.600000
 4.155877
 0.800000
 1.600000
 4.302997
 0.900000
 1.600000
 4.397452
 1.000000
 1.600000
 4.430000
 1.100000
 1.600000
 4.397452
 1.200000
 1.600000
 4.302997
 1.300000
 1.600000
 4.155877
 1.400000
 1.600000
 3.970496
 1.500000
 1.600000
 3.765000
 1.600000
 1.600000
 3.559504
 1.700000
 1.600000
 3.374123
 1.800000
 1.600000
 3.227004
 1.900000
 1.600000
 3.132547
 2.000000
 1.600000
 3.100000
 0.000000
 2.000000
 3.100000
 0.100000
 2.000000
 3.132547
 0.200000
 2.000000
 3.227004
 0.300000
 2.000000
 3.374123
 0.400000
 2.000000
 3.559504
 0.500000
 2.000000
 3.765000
 0.600000
 2.000000
 3.970496
 0.700000
 2.000000
 4.155877
 0.800000
 2.000000
 4.302997
 0.900000
 2.000000
 4.397452
 1.000000
 2.000000
 4.430000
 1.100000
 2.000000
 4.397452
 1.200000
 2.000000
 4.302997
 1.300000
 2.000000
 4.155877
 1.400000
 2.000000
 3.970496
 1.500000
 2.000000
 3.765000
 1.600000
 2.000000
 3.559504
 1.700000
 2.000000
 3.374123
 1.800000
 2.000000
 3.227004
 1.900000
 2.000000
 3.132547
 2.000000
 2.000000
 3.100000
 0.000000
 0.000000
 3.200000
 0.100000
 0.000000
 3.230834
 0.200000
 0.000000
 3.320319
 0.300000
 0.000000
 3.459695
 0.400000
 0.000000
 3.635319
 0.500000
 0.000000
 3.830000
 0.600000
 0.000000
 4.024681
 0.700000
 0.000000
 4.200305
 0.800000
 0.000000
 4.339681
 0.900000
 0.000000
 4.429165
 1.000000
 0.000000
 4.460000
 1.100000
 0.000000
 4.429165
 1.200000
 0.000000
 4.339681
 1.300000
 0.000000
 4.200305
 1.400000
 0.000000
 4.024681
 1.500000
 0.000000
 3.830000
 1.600000
 0.000000
 3.635319
 1.700000
 0.000000
 3.459695
 1.800000
 0.000000
 3.320319
 1.900000
 0.000000
 3.230834
 2.000000
 0.000000
 3.200000
 0.000000
 0.400000
 3.200000
 0.100000
 0.400000
 3.230834
 0.200000
 0.400000
 3.320319
 0.300000
 0.400000
 3.459695
 0.400000
 0.400000
 3.635319
 0.500000
 0.400000
 3.830000
 0.600000
 0.400000
 4.024681
 0.700000
 0.400000
 4.200305
 0.800000
 0.400000
 4.339681
 0.900000
 0.400000
 4.429165
 1.000000
 0.400000
 4.460000
 1.100000
 0.400000
 4.429165
 1.200000
 0.400000
 4.339681
 1.300000
 0.400000
 4.200305
 1.400000
 0.400000
 4.024681
 1.500000
 0.400000
 3.830000
 1.600000
 0.400000
 3.635319
 1.700000
 0.400000
 3.459695
 1.800000
 0.400000
 3.320319
 1.900000
 0.400000
 3.230834
 2.000000
 0.400000
 3.200000
 0.000000
 0.800000
 3.200000
 0.100000
 0.800000
 3.230834
 0.200000
 0.800000
 3.320319
 0.300000
 0.800000
 3.459695
 0.400000
 0.800000
 3.635319
 0.500000
 0.800000
 3.830000
 0.600000
 0.800000
 4.024681
 0.700000
 0.800000
 4.200305
 0.800000
 0.800000
 4.339681
 0.900000
 0.800000
 4.429165
 1.000000
 0.800000
 4.460000
 1.100000
 0.800000
 4.429165
 1.200000
 0.800000
 4.339681
 1.300000
 0.800000
 4.200305
 1.400000
 0.800000
 4.024681
 1.500000
 0.800000
 3.830000
 1.600000
 0.800000
 3.635319
 1.700000
 0.800000
 3.459695
 1.800000
 0.800000
 3.320319
 1.900000
 0.800000
 3.230834
 2.000000
 0.800000
 3.200000
 0.000000
 1.200000
 3.200000
 0.100000
 1.200000
 3.230834
 0.200000
 1.200000
 3.320319
 0.300000
 1.200000
 3.459695
 0.400000
 1.200000
 3.635319
 0.500000
 1.200000
 3.830000
 0.600000
 1.200000
 4.024681
 0.700000
 1.200000
 4.200305
 0.800000
 1.200000
 4.339681
 0.900000
 1.200000
 4.429165
 1.000000
 1.200000
 4.460000
 1.100000
 1.200000
 4.429165
 1.200000
 1.200000
 4.339681
 1.300000
 1.200000
 4.200305
 1.400000
 1.200000
 4.024681
 1.500000
 1.200000
 3.830000
 1.600000
 1.200000
 3.635319
 1.700000
 1.200000
 3.459695
 1.800000
 1.200000
 3.320319
 1.900000
 1.200000
 3.230834
 2.000000
 1.200000
 3.200000
 0.000000
 1.600000
 3.200000
 0.100000
 1.600000
 3.230834
 0.200000
 1.600000
 3.320319
 0.300000
 1.600000
 3.459695
 0.400000
 1.600000
 3.635319
 0.500000
 1.600000
 3.830000
 0.600000
 1.600000
 4.024681
 0.700000
 1.600000
 4.200305
 0.800000
 1.600000
 4.339681
 0.900000
 1.600000
 4.429165
 1.000000
 1.600000
 4.460000
 1.100000
 1.600000
 4.429165
 1.200000
 1.600000
 4.339681
 1.300000
 1.600000
 4.200305
 1.400000
 1.600000
 4.024681
 1.500000
 1.600000
 3.830000
 1.600000
 1.600000
 3.635319
 1.700000
 1.600000
 3.459695
 1.800000
 1.600000
 3.320319
 1.900000
 1.600000
 3.230834
 2.000000
 1.600000
 3.200000
 0.000000
 2.000000
 3.200000
 0.100000
 2.000000
 3.230834
 0.200000
 2.000000
 3.320319
 0.300000
 2.000000
 3.459695
 0.400000
 2.000000
 3.635319
 0.500000
 2.000000
 3.830000
 0.600000
 2.000000
 4.024681
 0.700000
 2.000000
 4.200305
 0.800000
 2.000000
 4.339681
 0.900000
 2.000000
 4.429165
 1.000000
 2.000000
 4.460000
 1.100000
 2.000000
 4.429165
 1.200000
 2.000000
 4.339681
 1.300000
 2.000000
 4.200305
 1.400000
 2.000000
 4.024681
 1.500000
 2.000000
 3.830000
 1.600000
 2.000000
 3.635319
 1.700000
 2.000000
 3.459695
 1.800000
 2.000000
 3.320319
 1.900000
 2.000000
 3.230834
 2.000000
 2.000000
 3.200000
 0.000000
 0.000000
 3.300000
 0.100000
 0.000000
 3.329121
 0.200000
 0.000000
 3.413635
 0.300000
 0.000000
 3.545268
 0.400000
 0.000000
 3.711135
 0.500000
 0.000000
 3.895000
 0.600000
 0.000000
 4.078865
 0.700000
 0.000000
 4.244732
 0.800000
 0.000000
 4.376365
 0.900000
 0.000000
 4.460878
 1.000000
 0.000000
 4.490000
 1.100000
 0.000000
 4.460878
 1.200000
 0.000000
 4.376365
 1.300000
 0.000000
 4.244732
 1.400000
 0.000000
 4.078865
 1.500000
 0.000000
 3.895000
 1.600000
 0.000000
 3.711135
 1.700000
 0.000000
 3.545268
 1.800000
 0.000000
 3.413635
 1.900000
 0.000000
 3.329121
 2.000000
 0.000000
 3.300000
 0.000000
 0.400000
 3.300000
 0.100000
 0.400000
 3.329121
 0.200000
 0.400000
 3.413635
 0.300000
 0.400000
 3.545268
 0.400000
 0.400000
 3.711135
 0.500000
 0.400000
 3.895000
 0.600000
 0.400000
 4.078865
 0.700000
 0.400000
 4.244732
 0.800000
 0.400000
 4.376365
 0.900000
 0.400000
 4.460878
 1.000000
 0.400000
 4.490000
 1.100000
 0.400000
 4.460878
 1.200000
 0.400000
 4.376365
 1.300000
 0.400000
 4.244732
 1.400000
 0.400000
 4.078865
 1.500000
 0.400000
 3.895000
 1.600000
 0.400000
 3.711135
 1.700000
 0.400000
 3.545268
 1.800000
 0.400000
 3.413635
 1.900000
 0.400000
 3.329121
 2.000000
 0.400000
 3.300000
 0.000000
 0.800000
 3.300000
 0.100000
 0.800000
 3.329121
 0.200000
 0.800000
 3.413635
 0.300000
 0.800000
 3.545268
 0.400000
 0.800000
 3.711135
 0.500000
 0.800000
 3.895000
 0.600000
 0.800000
 4.078865
 0.700000
 0.800000
 4.244732
 0.800000
 0.800000
 4.376365
 0.900000
 0.800000
 4.460878
 1.000000
 0.800000
 4.490000
 1.100000
 0.800000
 4.460878
 1.200000
 0.800000
 4.376365
 1.300000
 0.800000
 4.244732
 1.400000
 0.800000
 4.078865
 1.500000
 0.800000
 3.895000
 1.600000
 0.800000
 3.711135
 1.700000
 0.800000
 3.545268
 1.800000
 0.800000
 3.413635
 1.900000
 0.800000
 3.329121
 2.000000
 0.800000
 3.300000
 0.000000
 1.200000
 3.300000
 0.100000
 1.200000
 3.329121
 0.200000
 1.200000
 3.413635
 0.300000
 1.200000
 3.545268
 0.400000
 1.200000
 3.711135
 0.500000
 1.200000
 3.895000
 0.600000
 1.200000
 4.078865
 0.700000
 1.200000
 4.244732
 0.800000
 1.200000
 4.376365
 0.900000
 1.200000
 4.460878
 1.000000
 1.200000
 4.490000
 1.100000
 1.200000
 4.460878
 1.200000
 1.200000
 4.376365
 1.300000
 1.200000
 4.244732
 1.400000
 1.200000
 4.078865
 1.500000
 1.200000
 3.895000
 1.600000
 1.200000
 3.711135
 1.700000
 1.200000
 3.545268
 1.800000
 1.200000
 3.413635
 1.900000
 1.200000
 3.329121
 2.000000
 1.200000
 3.300000
 0.000000
 1.600000
 3.300000
 0.100000
 1.600000
 3.329121
 0.200000
 1.600000
 3.413635
 0.300000
 1.600000
 3.545268
 0.400000
 1.600000
 3.711135
 0.500000
 1.600000
 3.895000
 0.600000
 1.600000
 4.078865
 0.700000
 1.600000
 4.244732
 0.800000
 1.600000
 4.376365
 0.900000
 1.600000
 4.460878
 1.000000
 1.600000
 4.490000
 1.100000
 1.600000
 4.460878
 1.200000
 1.600000
 4.376365
 1.300000
 1.600000
 4.244732
 1.400000
 1.600000
 4.078865
 1.500000
 1.600000
 3.895000
 1.600000
 1.600000
 3.711135
 1.700000
 1.600000
 3.545268
 1.800000
 1.600000
 3.413635
 1.900000
 1.600000
 3.329121
 2.000000
 1.600000
 3.300000
 0.000000
 2.000000
 3.300000
 0.100000
 2.000000
 3.329121
 0.200000
 2.000000
 3.413635
 0.300000
 2.000000
 3.545268
 0.400000
 2.000000
 3.711135
 0.500000
 2.000000
 3.895000
 0.600000
 2.000000
 4.078865
 0.700000
 2.000000
 4.244732
 0.800000
 2.000000
 4.376365
 0.900000
 2.000000
 4.460878
 1.000000
 2.000000
 4.490000
 1.100000
 2.000000
 4.460878
 1.200000
 2.000000
 4.376365
 1.300000
 2.000000
 4.244732
 1.400000
 2.000000
 4.078865
 1.500000
 2.000000
 3.895000
 1.600000
 2.000000
 3.711135
 1.700000
 2.000000
 3.545268
 1.800000
 2.000000
 3.413635
 1.900000
 2.000000
 3.329121
 2.000000
 2.000000
 3.300000
 0.000000
 0.000000
 3.400000
 0.100000
 0.000000
 3.427408
 0.200000
 0.000000
 3.506951
 0.300000
 0.000000
 3.630840
 0.400000
 0.000000
 3.786950
 0.500000
 0.000000
 3.960000
 0.600000
 0.000000
 4.133050
 0.700000
 0.000000
 4.289160
 0.800000
 0.000000
 4.413050
 0.900000
 0.000000
 4.492591
 1.000000
 0.000000
 4.520000
 1.100000
 0.000000
 4.492591
 1.200000
 0.000000
 4.413050
 1.300000
 0.000000
 4.289160
 1.400000
 0.000000
 4.133050
 1.500000
 0.000000
 3.960000
 1.600000
 0.000000
 3.786950
 1.700000
 0.000000
 3.630840
 1.800000
 0.000000
 3.506951
 1.900000
 0.000000
 3.427408
 2.000000
 0.000000
 3.400000
 0.000000
 0.400000
 3.400000
 0.100000
 0.400000
 3.427408
 0.200000
 0.400000
 3.506951
 0.300000
 0.400000
 3.630840
 0.400000
 0.400000
 3.786950
 0.500000
 0.400000
 3.960000
 0.600000
 0.400000
 4.133050
 0.700000
 0.400000
 4.289160
 0.800000
 0.400000
 4.413050
 0.900000
 0.400000
 4.492591
 1.000000
 0.400000
 4.520000
 1.100000
 0.400000
 4.492591
 1.200000
 0.400000
 4.413050
 1.300000
 0.400000
 4.289160
 1.400000
 0.400000
 4.133050
 1.500000
 0.400000
 3.960000
 1.600000
 0.400000
 3.786950
 1.700000
 0.400000
 3.630840
 1.800000
 0.400000
 3.506951
 1.900000
 0.400000
 3.427408
 2.000000
 0.400000
 3.400000
 0.000000
 0.800000
 3.400000
 0.100000
 0.800000
 3.427408
 0.200000
 0.800000
 3.506951
 0.300000
 0.800000
 3.630840
 0.400000
 0.800000
 3.786950
 0.500000
 0.800000
 3.960000
 0.600000
 0.800000
 4.133050
 0.700000
 0.800000
 4.289160
 0.800000
 0.800000
 4.413050
 0.900000
 0.800000
 4.492591
 1.000000
 0.800000
 4.520000
 1.100000
 0.800000
 4.492591
 1.200000
 0.800000
 4.413050
 1.300000
 0.800000
 4.289160
 1.400000
 0.800000
 4.133050
 1.500000
 0.800000
 3.960000
 1.600000
 0.800000
 3.786950
 1.700000
 0.800000
 3.630840
 1.800000
 0.800000
 3.506951
 1.900000
 0.800000
 3.427408
 2.000000
 0.800000
 3.400000
 0.000000
 1.200000
 3.400000
 0.100000
 1.200000
 3.427408
 0.200000
 1.200000
 3.506951
 0.300000
 1.200000
 3.630840
 0.400000
 1.200000
 3.786950
 0.500000
 1.200000
 3.960000
 0.600000
 1.200000
 4.133050
 0.700000
 1.200000
 4.289160
 0.800000
 1.200000
 4.413050
 0.900000
 1.200000
 4.492591
 1.000000
 1.200000
 4.520000
 1.100000
 1.200000
 4.492591
 1.200000
 1.200000
 4.413050
 1.300000
 1.200000
 4.289160
 1.400000
 1.200000
 4.133050
 1.500000
 1.200000
 3.960000
 1.600000
 1.200000
 3.786950
 1.700000
 1.200000
 3.630840
 1.800000
 1.200000
 3.506951
 1.900000
 1.200000
 3.427408
 2.000000
 1.200000
 3.400000
 0.000000
 1.600000
 3.400000
 0.100000
 1.600000
 3.427408
 0.200000
 1.600000
 3.506951
 0.300000
 1.600000
 3.630840
 0.400000
 1.600000
 3.786950
 0.500000
 1.600000
 3.960000
 0.600000
 1.600000
 4.133050
 0.700000
 1.600000
 4.289160
 0.800000
 1.600000
 4.413050
 0.900000
 1.600000
 4.492591
 1.000000
 1.600000
 4.520000
 1.100000
 1.600000
 4.492591
 1.200000
 1.600000
 4.413050
 1.300000
 1.600000
 4.289160
 1.400000
 1.600000
 4.133050
 1.500000
 1.600000
 3.960000
 1.600000
 1.600000
 3.786950
 1.700000
 1.600000
 3.630840
 1.800000
 1.600000
 3.506951
 1.900000
 1.600000
 3.427408
 2.000000
 1.600000
 3.400000
 0.000000
 2.000000
 3.400000
 0.100000
 2.000000
 3.427408
 0.200000
 2.000000
 3.506951
 0.300000
 2.000000
 3.630840
 0.400000
 2.000000
 3.786950
 0.500000
 2.000000
 3.960000
 0.600000
 2.000000
 4.133050
 0.700000
 2.000000
 4.289160
 0.800000
 2.000000
 4.413050
 0.900000
 2.000000
 4.492591
 1.000000
 2.000000
 4.520000
 1.100000
 2.000000
 4.492591
 1.200000
 2.000000
 4.413050
 1.300000
 2.000000
 4.289160
 1.400000
 2.000000
 4.133050
 1.500000
 2.000000
 3.960000
 1.600000
 2.000000
 3.786950
 1.700000
 2.000000
 3.630840
 1.800000
 2.000000
 3.506951
 1.900000
 2.000000
 3.427408
 2.000000
 2.000000
 3.400000
 0.000000
 0.000000
 3.500000
 0.100000
 0.000000
 3.525695
 0.200000
 0.000000
 3.600266
 0.300000
 0.000000
 3.716413
 0.400000
 0.000000
 3.862766
 0.500000
 0.000000
 4.025000
 0.600000
 0.000000
 4.187234
 0.700000
 0.000000
 4.333587
 0.800000
 0.000000
 4.449734
 0.900000
 0.000000
 4.524305
 1.000000
 0.000000
 4.550000
 1.100000
 0.000000
 4.524305
 1.200000
 0.000000
 4.449734
 1.300000
 0.000000
 4.333587
 1.400000
 0.000000
 4.187234
 1.500000
 0.000000
 4.025000
 1.600000
 0.000000
 3.862766
 1.700000
 0.000000
 3.716413
 1.800000
 0.000000
 3.600266
 1.900000
 0.000000
 3.525695
 2.000000
 0.000000
 3.500000
 0.000000
 0.400000
 3.500000
 0.100000
 0.400000
 3.525695
 0.200000
 0.400000
 3.600266
 0.300000
 0.400000
 3.716413
 0.400000
 0.400000
 3.862766
 0.500000
 0.400000
 4.025000
 0.600000
 0.400000
 4.187234
 0.700000
 0.400000
 4.333587
 0.800000
 0.400000
 4.449734
 0.900000
 0.400000
 4.524305
 1.000000
 0.400000
 4.550000
 1.100000
 0.400000
 4.524305
 1.200000
 0.400000
 4.449734
 1.300000
 0.400000
 4.333587
 1.400000
 0.400000
 4.187234
 1.500000
 0.400000
 4.025000
 1.600000
 0.400000
 3.862766
 1.700000
 0.400000
 3.716413
 1.800000
 0.400000
 3.600266
 1.900000
 0.400000
 3.525695
 2.000000
 0.400000
 3.500000
 0.000000
 0.800000
 3.500000
 0.100000
 0.800000
 3.525695
 0.200000
 0.800000
 3.600266
 0.300000
 0.800000
 3.716413
 0.400000
 0.800000
 3.862766
 0.500000
 0.800000
 4.025000
 0.600000
 0.800000
 4.187234
 0.700000
 0.800000
 4.333587
 0.800000
 0.800000
 4.449734
 0.900000
 0.800000
 4.524305
 1.000000
 0.800000
 4.550000
 1.100000
 0.800000
 4.524305
 1.200000
 0.800000
 4.449734
 1.300000
 0.800000
 4.333587
 1.400000
 0.800000
 4.187234
 1.500000
 0.800000
 4.025000
 1.600000
 0.800000
 3.862766
 1.700000
 0.800000
 3.716413
 1.800000
 0.800000
 3.600266
 1.900000
 0.800000
 3.525695
 2.000000
 0.800000
 3.500000
 0.000000
 1.200000
 3.500000
 0.100000
 1.200000
 3.525695
 0.200000
 1.200000
 3.600266
 0.300000
 1.200000
 3.716413
 0.400000
 1.200000
 3.862766
 0.500000
 1.200000
 4.025000
 0.600000
 1.200000
 4.187234
 0.700000
 1.200000
 4.333587
 0.800000
 1.200000
 4.449734
 0.900000
 1.200000
 4.524305
 1.000000
 1.200000
 4.550000
 1.100000
 1.200000
 4.524305
 1.200000
 1.200000
 4.449734
 1.300000
 1.200000
 4.333587
 1.400000
 1.200000
 4.187234
 1.500000
 1.200000
 4.025000
 1.600000
 1.200000
 3.862766
 1.700000
 1.200000
 3.716413
 1.800000
 1.200000
 3.600266
 1.900000
 1.200000
 3.525695
 2.000000
 1.200000
 3.500000
 0.000000
 1.600000
 3.500000
 0.100000
 1.600000
 3.525695
 0.200000
 1.600000
 3.600266
 0.300000
 1.600000
 3.716413
 0.400000
 1.600000
 3.862766
 0.500000
 1.600000
 4.025000
 0.600000
 1.600000
 4.187234
 0.700000
 1.600000
 4.333587
 0.800000
 1.600000
 4.449734
 0.900000
 1.600000
 4.524305
 1.000000
 1.600000
 4.550000
 1.100000
 1.600000
 4.524305
 1.200000
 1.600000
 4.449734
 1.300000
 1.600000
 4.333587
 1.400000
 1.600000
 4.187234
 1.500000
 1.600000
 4.025000
 1.600000
 1.600000
 3.862766
 1.700000
 1.600000
 3.716413
 1.800000
 1.600000
 3.600266
 1.900000
 1.600000
 3.525695
 2.000000
 1.600000
 3.500000
 0.000000
 2.000000
 3.500000
 0.100000
 2.000000
 3.525695
 0.200000
 2.000000
 3.600266
 0.300000
 2.000000
 3.716413
 0.400000
 2.000000
 3.862766
 0.500000
 2.000000
 4.025000
 0.600000
 2.000000
 4.187234
 0.700000
 2.000000
 4.333587
 0.800000
 2.000000
 4.449734
 0.900000
 2.000000
 4.524305
 1.000000
 2.000000
 4.550000
 1.100000
 2.000000
 4.524305
 1.200000
 2.000000
 4.449734
 1.300000
 2.000000
 4.333587
 1.400000
 2.000000
 4.187234
 1.500000
 2.000000
 4.025000
 1.600000
 2.000000
 3.862766
 1.700000
 2.000000
 3.716413
 1.800000
 2.000000
 3.600266
 1.900000
 2.000000
 3.525695
 2.000000
 2.000000
 3.500000
 0.000000
 0.000000
 3.600000
 0.100000
 0.000000
 3.623982
 0.200000
 0.000000
 3.693582
 0.300000
 0.000000
 3.801985
 0.400000
 0.000000
 3.938582
 0.500000
 0.000000
 4.090000
 0.600000
 0.000000
 4.241418
 0.700000
 0.000000
 4.378015
 0.800000
 0.000000
 4.486418
 0.900000
 0.000000
 4.556018
 1.000000
 0.000000
 4.580000
 1.100000
 0.000000
 4.556018
 1.200000
 0.000000
 4.486418
 1.300000
 0.000000
 4.378015
 1.400000
 0.000000
 4.241418
 1.500000
 0.000000
 4.090000
 1.600000
 0.000000
 3.938582
 1.700000
 0.000000
 3.801985
 1.800000
 0.000000
 3.693582
 1.900000
 0.000000
 3.623982
 2.000000
 0.000000
 3.600000
 0.000000
 0.400000
 3.600000
 0.100000
 0.400000
 3.623982
 0.200000
 0.400000
 3.693582
 0.300000
 0.400000
 3.801985
 0.400000
 0.400000
 3.938582
 0.500000
 0.400000
 4.090000
 0.600000
 0.400000
 4.241418
 0.700000
 0.400000
 4.378015
 0.800000
 0.400000
 4.486418
 0.900000
 0.400000
 4.556018
 1.000000
 0.400000
 4.580000
 1.100000
 0.400000
 4.556018
 1.200000
 0.400000
 4.486418
 1.300000
 0.400000
 4.378015
 1.400000
 0.400000
 4.241418
 1.500000
 0.400000
 4.090000
 1.600000
 0.400000
 3.938582
 1.700000
 0.400000
 3.801985
 1.800000
 0.400000
 3.693582
 1.900000
 0.400000
 3.623982
 2.000000
 0.400000
 3.600000
 0.000000
 0.800000
 3.600000
 0.100000
 0.800000
 3.623982
 0.200000
 0.800000
 3.693582
 0.300000
 0.800000
 3.801985
 0.400000
 0.800000
 3.938582
 0.500000
 0.800000
 4.090000
 0.600000
 0.800000
 4.241418
 0.700000
 0.800000
 4.378015
 0.800000
 0.800000
 4.486418
 0.900000
 0.800000
 4.556018
 1.000000
 0.800000
 4.580000
 1.100000
 0.800000
 4.556018
 1.200000
 0.800000
 4.486418
 1.300000
 0.800000
 4.378015
 1.400000
 0.800000
 4.241418
 1.500000
 0.800000
 4.090000
 1.600000
 0.800000
 3.938582
 1.700000
 0.800000
 3.801985
 1.800000
 0.800000
 3.693582
 1.900000
 0.800000
 3.623982
 2.000000
 0.800000
 3.600000
 0.000000
 1.200000
 3.600000
 0.100000
 1.200000
 3.623982
 0.200000
 1.200000
 3.693582
 0.300000
 1.200000
 3.801985
 0.400000
 1.200000
 3.938582
 0.500000
 1.200000
 4.090000
 0.600000
 1.200000
 4.241418
 0.700000
 1.200000
 4.378015
 0.800000
 1.200000
 4.486418
 0.900000
 1.200000
 4.556018
 1.000000
 1.200000
 4.580000
 1.100000
 1.200000
 4.556018
 1.200000
 1.200000
 4.486418
 1.300000
 1.200000
 4.378015
 1.400000
 1.200000
 4.241418
 1.500000
 1.200000
 4.090000
 1.600000
 1.200000
 3.938582
 1.700000
 1.200000
 3.801985
 1.800000
 1.200000
 3.693582
 1.900000
 1.200000
 3.623982
 2.000000
 1.200000
 3.600000
 0.000000
 1.600000
 3.600000
 0.100000
 1.600000
 3.623982
 0.200000
 1.600000
 3.693582
 0.300000
 1.600000
 3.801985
 0.400000
 1.600000
 3.938582
 0.500000
 1.600000
 4.090000
 0.600000
 1.600000
 4.241418
 0.700000
 1.600000
 4.378015
 0.800000
 1.600000
 4.486418
 0.900000
 1.600000
 4.556018
 1.000000
 1.600000
 4.580000
 1.100000
 1.600000
 4.556018
 1.200000
 1.600000
 4.486418
 1.300000
 1.600000
 4.378015
 1.400000
 1.600000
 4.241418
 1.500000
 1.600000
 4.090000
 1.600000
 1.600000
 3.938582
 1.700000
 1.600000
 3.801985
 1.800000
 1.600000
 3.693582
 1.900000
 1.600000
 3.623982
 2.000000
 1.600000
 3.600000
 0.000000
 2.000000
 3.600000
 0.100000
 2.000000
 3.623982
 0.200000
 2.000000
 3.693582
 0.300000
 2.000000
 3.801985
 0.400000
 2.000000
 3.938582
 0.500000
 2.000000
 4.090000
 0.600000
 2.000000
 4.241418
 0.700000
 2.000000
 4.378015
 0.800000
 2.000000
 4.486418
 0.900000
 2.000000
 4.556018
 1.000000
 2.000000
 4.580000
 1.100000
 2.000000
 4.556018
 1.200000
 2.000000
 4.486418
 1.300000
 2.000000
 4.378015
 1.400000
 2.000000
 4.241418
 1.500000
 2.000000
 4.090000
 1.600000
 2.000000
 3.938582
 1.700000
 2.000000
 3.801985
 1.800000
 2.000000
 3.693582
 1.900000
 2.000000
 3.623982
 2.000000
 2.000000
 3.600000
 0.000000
 0.000000
 3.700000
 0.100000
 0.000000
 3.722269
 0.200000
 0.000000
 3.786897
 0.300000
 0.000000
 3.887558
 0.400000
 0.000000
 4.014397
 0.500000
 0.000000
 4.155000
 0.600000
 0.000000
 4.295603
 0.700000
 0.000000
 4.422442
 0.800000
 0.000000
 4.523103
 0.900000
 0.000000
 4.587731
 1.000000
 0.000000
 4.610000
 1.100000
 0.000000
 4.587731
 1.200000
 0.000000
 4.523103
 1.300000
 0.000000
 4.422442
 1.400000
 0.000000
 4.295603
 1.500000
 0.000000
 4.155000
 1.600000
 0.000000
 4.014397
 1.700000
 0.000000
 3.887558
 1.800000
 0.000000
 3.786897
 1.900000
 0.000000
 3.722269
 2.000000
 0.000000
 3.700000
 0.000000
 0.400000
 3.700000
 0.100000
 0.400000
 3.722269
 0.200000
 0.400000
 3.786897
 0.300000
 0.400000
 3.887558
 0.400000
 0.400000
 4.014397
 0.500000
 0.400000
 4.155000
 0.600000
 0.400000
 4.295603
 0.700000
 0.400000
 4.422442
 0.800000
 0.400000
 4.523103
 0.900000
 0.400000
 4.587731
 1.000000
 0.400000
 4.610000
 1.100000
 0.400000
 4.587731
 1.200000
 0.400000
 4.523103
 1.300000
 0.400000
 4.422442
 1.400000
 0.400000
 4.295603
 1.500000
 0.400000
 4.155000
 1.600000
 0.400000
 4.014397
 1.700000
 0.400000
 3.887558
 1.800000
 0.400000
 3.786897
 1.900000
 0.400000
 3.722269
 2.000000
 0.400000
 3.700000
 0.000000
 0.800000
 3.700000
 0.100000
 0.800000
 3.722269
 0.200000
 0.800000
 3.786897
 0.300000
 0.800000
 3.887558
 0.400000
 0.800000
 4.014397
 0.500000
 0.800000
 4.155000
 0.600000
 0.800000
 4.295603
 0.700000
 0.800000
 4.422442
 0.800000
 0.800000
 4.523103
 0.900000
 0.800000
 4.587731
 1.000000
 0.800000
 4.610000
 1.100000
 0.800000
 4.587731
 1.200000
 0.800000
 4.523103
 1.300000
 0.800000
 4.422442
 1.400000
 0.800000
 4.295603
 1.500000
 0.800000
 4.155000
 1.600000
 0.800000
 4.014397
 1.700000
 0.800000
 3.887558
 1.800000
 0.800000
 3.786897
 1.900000
 0.800000
 3.722269
 2.000000
 0.800000
 3.700000
 0.000000
 1.200000
 3.700000
 0.100000
 1.200000
 3.722269
 0.200000
 1.200000
 3.786897
 0.300000
 1.200000
 3.887558
 0.400000
 1.200000
 4.014397
 0.500000
 1.200000
 4.155000
 0.600000
 1.200000
 4.295603
 0.700000
 1.200000
 4.422442
 0.800000
 1.200000
 4.523103
 0.900000
 1.200000
 4.587731
 1.000000
 1.200000
 4.610000
 1.100000
 1.200000
 4.587731
 1.200000
 1.200000
 4.523103
 1.300000
 1.200000
 4.422442
 1.400000
 1.200000
 4.295603
 1.500000
 1.200000
 4.155000
 1.600000
 1.200000
 4.014397
 1.700000
 1.200000
 3.887558
 1.800000
 1.200000
 3.786897
 1.900000
 1.200000
 3.722269
 2.000000
 1.200000
 3.700000
 0.000000
 1.600000
 3.700000
 0.100000
 1.600000
 3.722269
 0.200000
 1.600000
 3.786897
 0.300000
 1.600000
 3.887558
 0.400000
 1.600000
 4.014397
 0.500000
 1.600000
 4.155000
 0.600000
 1.600000
 4.295603
 0.700000
 1.600000
 4.422442
 0.800000
 1.600000
 4.523103
 0.900000
 1.600000
 4.587731
 1.000000
 1.600000
 4.610000
 1.100000
 1.600000
 4.587731
 1.200000
 1.600000
 4.523103
 1.300000
 1.600000
 4.422442
 1.400000
 1.600000
 4.295603
 1.500000
 1.600000
 4.155000
 1.600000
 1.600000
 4.014397
 1.700000
 1.600000
 3.887558
 1.800000
 1.600000
 3.786897
 1.900000
 1.600000
 3.722269
 2.000000
 1.600000
 3.700000
 0.000000
 2.000000
 3.700000
 0.100000
 2.000000
 3.722269
 0.200000
 2.000000
 3.786897
 0.300000
 2.000000
 3.887558
 0.400000
 2.000000
 4.014397
 0.500000
 2.000000
 4.155000
 0.600000
 2.000000
 4.295603
 0.700000
 2.000000
 4.422442
 0.800000
 2.000000
 4.523103
 0.900000
 2.000000
 4.587731
 1.000000
 2.000000
 4.610000
 1.100000
 2.000000
 4.587731
 1.200000
 2.000000
 4.523103
 1.300000
 2.000000
 4.422442
 1.400000
 2.000000
 4.295603
 1.500000
 2.000000
 4.155000
 1.600000
 2.000000
 4.014397
 1.700000
 2.000000
 3.887558
 1.800000
 2.000000
 3.786897
 1.900000
 2.000000
 3.722269
 2.000000
 2.000000
 3.700000
 0.000000
 0.000000
 3.800000
 0.100000
 0.000000
 3.820556
 0.200000
 0.000000
 3.880213
 0.300000
 0.000000
 3.973130
 0.400000
 0.000000
 4.090213
 0.500000
 0.000000
 4.220000
 0.600000
 0.000000
 4.349787
 0.700000
 0.000000
 4.466870
 0.800000
 0.000000
 4.559787
 0.900000
 0.000000
 4.619444
 1.000000
 0.000000
 4.640000
 1.100000
 0.000000
 4.619444
 1.200000
 0.000000
 4.559787
 1.300000
 0.000000
 4.466870
 1.400000
 0.000000
 4.349787
 1.500000
 0.000000
 4.220000
 1.600000
 0.000000
 4.090213
 1.700000
 0.000000
 3.973130
 1.800000
 0.000000
 3.880213
 1.900000
 0.000000
 3.820556
 2.000000
 0.000000
 3.800000
 0.000000
 0.400000
 3.800000
 0.100000
 0.400000
 3.820556
 0.200000
 0.400000
 3.880213
 0.300000
 0.400000
 3.973130
 0.400000
 0.400000
 4.090213
 0.500000
 0.400000
 4.220000
 0.600000
 0.400000
 4.349787
 0.700000
 0.400000
 4.466870
 0.800000
 0.400000
 4.559787
 0.900000
 0.400000
 4.619444
 1.000000
 0.400000
 4.640000
 1.100000
 0.400000
 4.619444
 1.200000
 0.400000
 4.559787
 1.300000
 0.400000
 4.466870
 1.400000
 0.400000
 4.349787
 1.500000
 0.400000
 4.220000
 1.600000
 0.400000
 4.090213
 1.700000
 0.400000
 3.973130
 1.800000
 0.400000
 3.880213
 1.900000
 0.400000
 3.820556
 2.000000
 0.400000
 3.800000
 0.000000
 0.800000
 3.800000
 0.100000
 0.800000
 3.820556
 0.200000
 0.800000
 3.880213
 0.300000
 0.800000
 3.973130
 0.400000
 0.800000
 4.090213
 0.500000
 0.800000
 4.220000
 0.600000
 0.800000
 4.349787
 0.700000
 0.800000
 4.466870
 0.800000
 0.800000
 4.559787
 0.900000
 0.800000
 4.619444
 1.000000
 0.800000
 4.640000
 1.100000
 0.800000
 4.619444
 1.200000
 0.800000
 4.559787
 1.300000
 0.800000
 4.466870
 1.400000
 0.800000
 4.349787
 1.500000
 0.800000
 4.220000
 1.600000
 0.800000
 4.090213
 1.700000
 0.800000
 3.973130
 1.800000
 0.800000
 3.880213
 1.900000
 0.800000
 3.820556
 2.000000
 0.800000
 3.800000
 0.000000
 1.200000
 3.800000
 0.100000
 1.200000
 3.820556
 0.200000
 1.200000
 3.880213
 0.300000
 1.200000
 3.973130
 0.400000
 1.200000
 4.090213
 0.500000
 1.200000
 4.220000
 0.600000
 1.200000
 4.349787
 0.700000
 1.200000
 4.466870
 0.800000
 1.200000
 4.559787
 0.900000
 1.200000
 4.619444
 1.000000
 1.200000
 4.640000
 1.100000
 1.200000
 4.619444
 1.200000
 1.200000
 4.559787
 1.300000
 1.200000
 4.466870
 1.400000
 1.200000
 4.349787
 1.500000
 1.200000
 4.220000
 1.600000
 1.200000
 4.090213
 1.700000
 1.200000
 3.973130
 1.800000
 1.200000
 3.880213
 1.900000
 1.200000
 3.820556
 2.000000
 1.200000
 3.800000
 0.000000
 1.600000
 3.800000
 0.100000
 1.600000
 3.820556
 0.200000
 1.600000
 3.880213
 0.300000
 1.600000
 3.973130
 0.400000
 1.600000
 4.090213
 0.500000
 1.600000
 4.220000
 0.600000
 1.600000
 4.349787
 0.700000
 1.600000
 4.466870
 0.800000
 1.600000
 4.559787
 0.900000
 1.600000
 4.619444
 1.000000
 1.600000
 4.640000
 1.100000
 1.600000
 4.619444
 1.200000
 1.600000
 4.559787
 1.300000
 1.600000
 4.466870
 1.400000
 1.600000
 4.349787
 1.500000
 1.600000
 4.220000
 1.600000
 1.600000
 4.090213
 1.700000
 1.600000
 3.973130
 1.800000
 1.600000
 3.880213
 1.900000
 1.600000
 3.820556
 2.000000
 1.600000
 3.800000
 0.000000
 2.000000
 3.800000
 0.100000
 2.000000
 3.820556
 0.200000
 2.000000
 3.880213
 0.300000
 2.000000
 3.973130
 0.400000
 2.000000
 4.090213
 0.500000
 2.000000
 4.220000
 0.600000
 2.000000
 4.349787
 0.700000
 2.000000
 4.466870
 0.800000
 2.000000
 4.559787
 0.900000
 2.000000
 4.619444
 1.000000
 2.000000
 4.640000
 1.100000
 2.000000
 4.619444
 1.200000
 2.000000
 4.559787
 1.300000
 2.000000
 4.466870
 1.400000
 2.000000
 4.349787
 1.500000
 2.000000
 4.220000
 1.600000
 2.000000
 4.090213
 1.700000
 2.000000
 3.973130
 1.800000
 2.000000
 3.880213
 1.900000
 2.000000
 3.820556
 2.000000
 2.000000
 3.800000
 0.000000
 0.000000
 3.900000
 0.100000
 0.000000
 3.918843
 0.200000
 0.000000
 3.973529
 0.300000
 0.000000
 4.058703
 0.400000
 0.000000
 4.166028
 0.500000
 0.000000
 4.285000
 0.600000
 0.000000
 4.403972
 0.700000
 0.000000
 4.511297
 0.800000
 0.000000
 4.596472
 0.900000
 0.000000
 4.651157
 1.000000
 0.000000
 4.670000
 1.100000
 0.000000
 4.651157
 1.200000
 0.000000
 4.596472
 1.300000
 0.000000
 4.511297
 1.400000
 0.000000
 4.403972
 1.500000
 0.000000
 4.285000
 1.600000
 0.000000
 4.166028
 1.700000
 0.000000
 4.058703
 1.800000
 0.000000
 3.973529
 1.900000
 0.000000
 3.918843
 2.000000
 0.000000
 3.900000
 0.000000
 0.400000
 3.900000
 0.100000
 0.400000
 3.918843
 0.200000
 0.400000
 3.973529
 0.300000
 0.400000
 4.058703
 0.400000
 0.400000
 4.166028
 0.500000
 0.400000
 4.285000
 0.600000
 0.400000
 4.403972
 0.700000
 0.400000
 4.511297
 0.800000
 0.400000
 4.596472
 0.900000
 0.400000
 4.651157
 1.000000
 0.400000
 4.670000
 1.100000
 0.400000
 4.651157
 1.200000
 0.400000
 4.596472
 1.300000
 0.400000
 4.511297
 1.400000
 0.400000
 4.403972
 1.500000
 0.400000
 4.285000
 1.600000
 0.400000
 4.166028
 1.700000
 0.400000
 4.058703
 1.800000
 0.400000
 3.973529
 1.900000
 0.400000
 3.918843
 2.000000
 0.400000
 3.900000
 0.000000
 0.800000
 3.900000
 0.100000
 0.800000
 3.918843
 0.200000
 0.800000
 3.973529
 0.300000
 0.800000
 4.058703
 0.400000
 0.800000
 4.166028
 0.500000
 0.800000
 4.285000
 0.600000
 0.800000
 4.403972
 0.700000
 0.800000
 4.511297
 0.800000
 0.800000
 4.596472
 0.900000
 0.800000
 4.651157
 1.000000
 0.800000
 4.670000
 1.100000
 0.800000
 4.651157
 1.200000
 0.800000
 4.596472
 1.300000
 0.800000
 4.511297
 1.400000
 0.800000
 4.403972
 1.500000
 0.800000
 4.285000
 1.600000
 0.800000
 4.166028
 1.700000
 0.800000
 4.058703
 1.800000
 0.800000
 3.973529
 1.900000
 0.800000
 3.918843
 2.000000
 0.800000
 3.900000
 0.000000
 1.200000
 3.900000
 0.100000
 1.200000
 3.918843
 0.200000
 1.200000
 3.973529
 0.300000
 1.200000
 4.058703
 0.400000
 1.200000
 4.166028
 0.500000
 1.200000
 4.285000
 0.600000
 1.200000
 4.403972
 0.700000
 1.200000
 4.511297
 0.800000
 1.200000
 4.596472
 0.900000
 1.200000
 4.651157
 1.000000
 1.200000
 4.670000
 1.100000
 1.200000
 4.651157
 1.200000
 1.200000
 4.596472
 1.300000
 1.200000
 4.511297
 1.400000
 1.200000
 4.403972
 1.500000
 1.200000
 4.285000
 1.600000
 1.200000
 4.166028
 1.700000
 1.200000
 4.058703
 1.800000
 1.200000
 3.973529
 1.900000
 1.200000
 3.918843
 2.000000
 1.200000
 3.900000
 0.000000
 1.600000
 3.900000
 0.100000
 1.600000
 3.918843
 0.200000
 1.600000
 3.973529
 0.300000
 1.600000
 4.058703
 0.400000
 1.600000
 4.166028
 0.500000
 1.600000
 4.285000
 0.600000
 1.600000
 4.403972
 0.700000
 1.600000
 4.511297
 0.800000
 1.600000
 4.596472
 0.900000
 1.600000
 4.651157
 1.000000
 1.600000
 4.670000
 1.100000
 1.600000
 4.651157
 1.200000
 1.600000
 4.596472
 1.300000
 1.600000
 4.511297
 1.400000
 1.600000
 4.403972
 1.500000
 1.600000
 4.285000
 1.600000
 1.600000
 4.166028
 1.700000
 1.600000
 4.058703
 1.800000
 1.600000
 3.973529
 1.900000
 1.600000
 3.918843
 2.000000
 1.600000
 3.900000
 0.000000
 2.000000
 3.900000
 0.100000
 2.000000
 3.918843
 0.200000
 2.000000
 3.973529
 0.300000
 2.000000
 4.058703
 0.400000
 2.000000
 4.166028
 0.500000
 2.000000
 4.285000
 0.600000
 2.000000
 4.403972
 0.700000
 2.000000
 4.511297
 0.800000
 2.000000
 4.596472
 0.900000
 2.000000
 4.651157
 1.000000
 2.000000
 4.670000
 1.100000
 2.000000
 4.651157
 1.200000
 2.000000
 4.596472
 1.300000
 2.000000
 4.511297
 1.400000
 2.000000
 4.403972
 1.500000
 2.000000
 4.285000
 1.600000
 2.000000
 4.166028
 1.700000
 2.000000
 4.058703
 1.800000
 2.000000
 3.973529
 1.900000
 2.000000
 3.918843
 2.000000
 2.000000
 3.900000
 0.000000
 0.000000
 4.000000
 0.100000
 0.000000
 4.017130
 0.200000
 0.000000
 4.066844
 0.300000
 0.000000
 4.144275
 0.400000
 0.000000
 4.241844
 0.500000
 0.000000
 4.350000
 0.600000
 0.000000
 4.458156
 0.700000
 0.000000
 4.555725
 0.800000
 0.000000
 4.633156
 0.900000
 0.000000
 4.682870
 1.000000
 0.000000
 4.700000
 1.100000
 0.000000
 4.682870
 1.200000
 0.000000
 4.633156
 1.300000
 0.000000
 4.555725
 1.400000
 0.000000
 4.458156
 1.500000
 0.000000
 4.350000
 1.600000
 0.000000
 4.241844
 1.700000
 0.000000
 4.144275
 1.800000
 0.000000
 4.066844
 1.900000
 0.000000
 4.017130
 2.000000
 0.000000
 4.000000
 0.000000
 0.400000
 4.000000
 0.100000
 0.400000
 4.017130
 0.200000
 0.400000
 4.066844
 0.300000
 0.400000
 4.144275
 0.400000
 0.400000
 4.241844
 0.500000
 0.400000
 4.350000
 0.600000
 0.400000
 4.458156
 0.700000
 0.400000
 4.555725
 0.800000
 0.400000
 4.633156
 0.900000
 0.400000
 4.682870
 1.000000
 0.400000
 4.700000
 1.100000
 0.400000
 4.682870
 1.200000
 0.400000
 4.633156
 1.300000
 0.400000
 4.555725
 1.400000
 0.400000
 4.458156
 1.500000
 0.400000
 4.350000
 1.600000
 0.400000
 4.241844
 1.700000
 0.400000
 4.144275
 1.800000
 0.400000
 4.066844
 1.900000
 0.400000
 4.017130
 2.000000
 0.400000
 4.000000
 0.000000
 0.800000
 4.000000
 0.100000
 0.800000
 4.017130
 0.200000
 0.800000
 4.066844
 0.300000
 0.800000
 4.144275
 0.400000
 0.800000
 4.241844
 0.500000
 0.800000
 4.350000
 0.600000
 0.800000
 4.458156
 0.700000
 0.800000
 4.555725
 0.800000
 0.800000
 4.633156
 0.900000
 0.800000
 4.682870
 1.000000
 0.800000
 4.700000
 1.100000
 0.800000
 4.682870
 1.200000
 0.800000
 4.633156
 1.300000
 0.800000
 4.555725
 1.400000
 0.800000
 4.458156
 1.500000
 0.800000
 4.350000
 1.600000
 0.800000
 4.241844
 1.700000
 0.800000
 4.144275
 1.800000
 0.800000
 4.066844
 1.900000
 0.800000
 4.017130
 2.000000
 0.800000
 4.000000
 0.000000
 1.200000
 4.000000
 0.100000
 1.200000
 4.017130
 0.200000
 1.200000
 4.066844
 0.300000
 1.200000
 4.144275
 0.400000
 1.200000
 4.241844
 0.500000
 1.200000
 4.350000
 0.600000
 1.200000
 4.458156
 0.700000
 1.200000
 4.555725
 0.800000
 1.200000
 4.633156
 0.900000
 1.200000
 4.682870
 1.000000
 1.200000
 4.700000
 1.100000
 1.200000
 4.682870
 1.200000
 1.200000
 4.633156
 1.300000
 1.200000
 4.555725
 1.400000
 1.200000
 4.458156
 1.500000
 1.200000
 4.350000
 1.600000
 1.200000
 4.241844
 1.700000
 1.200000
 4.144275
 1.800000
 1.200000
 4.066844
 1.900000
 1.200000
 4.017130
 2.000000
 1.200000
 4.000000
 0.000000
 1.600000
 4.000000
 0.100000
 1.600000
 4.017130
 0.200000
 1.600000
 4.066844
 0.300000
 1.600000
 4.144275
 0.400000
 1.600000
 4.241844
 0.500000
 1.600000
 4.350000
 0.600000
 1.600000
 4.458156
 0.700000
 1.600000
 4.555725
 0.800000
 1.600000
 4.633156
 0.900000
 1.600000
 4.682870
 1.000000
 1.600000
 4.700000
 1.100000
 1.600000
 4.682870
 1.200000
 1.600000
 4.633156
 1.300000
 1.600000
 4.555725
 1.400000
 1.600000
 4.458156
 1.500000
 1.600000
 4.350000
 1.600000
 1.600000
 4.241844
 1.700000
 1.600000
 4.144275
 1.800000
 1.600000
 4.066844
 1.900000
 1.600000
 4.017130
 2.000000
 1.600000
 4.000000
 0.000000
 2.000000
 4.000000
 0.100000
 2.000000
 4.017130
 0.200000
 2.000000
 4.066844
 0.300000
 2.000000
 4.144275
 0.400000
 2.000000
 4.241844
 0.500000
 2.000000
 4.350000
 0.600000
 2.000000
 4.458156
 0.700000
 2.000000
 4.555725
 0.800000
 2.000000
 4.633156
 0.900000
 2.000000
 4.682870
 1.000000
 2.000000
 4.700000
 1.100000
 2.000000
 4.682870
 1.200000
 2.000000
 4.633156
 1.300000
 2.000000
 4.555725
 1.400000
 2.000000
 4.458156
 1.500000
 2.000000
 4.350000
 1.600000
 2.000000
 4.241844
 1.700000
 2.000000
 4.144275
 1.800000
 2.000000
 4.066844
 1.900000
 2.000000
 4.017130
 2.000000
 2.000000
 4.000000
 0.000000
 0.000000
 4.100000
 0.100000
 0.000000
 4.115417
 0.200000
 0.000000
 4.160160
 0.300000
 0.000000
 4.229848
 0.400000
 0.000000
 4.317660
 0.500000
 0.000000
 4.415000
 0.600000
 0.000000
 4.512340
 0.700000
 0.000000
 4.600152
 0.800000
 0.000000
 4.669840
 0.900000
 0.000000
 4.714583
 1.000000
 0.000000
 4.730000
 1.100000
 0.000000
 4.714583
 1.200000
 0.000000
 4.669840
 1.300000
 0.000000
 4.600152
 1.400000
 0.000000
 4.512340
 1.500000
 0.000000
 4.415000
 1.600000
 0.000000
 4.317660
 1.700000
 0.000000
 4.229848
 1.800000
 0.000000
 4.160160
 1.900000
 0.000000
 4.115417
 2.000000
 0.000000
 4.100000
 0.000000
 0.400000
 4.100000
 0.100000
 0.400000
 4.115417
 0.200000
 0.400000
 4.160160
 0.300000
 0.400000
 4.229848
 0.400000
 0.400000
 4.317660
 0.500000
 0.400000
 4.415000
 0.600000
 0.400000
 4.512340
 0.700000
 0.400000
 4.600152
 0.800000
 0.400000
 4.669840
 0.900000
 0.400000
 4.714583
 1.000000
 0.400000
 4.730000
 1.100000
 0.400000
 4.714583
 1.200000
 0.400000
 4.669840
 1.300000
 0.400000
 4.600152
 1.400000
 0.400000
 4.512340
 1.500000
 0.400000
 4.415000
 1.600000
 0.400000
 4.317660
 1.700000
 0.400000
 4.229848
 1.800000
 0.400000
 4.160160
 1.900000
 0.400000
 4.115417
 2.000000
 0.400000
 4.100000
 0.000000
 0.800000
 4.100000
 0.100000
 0.800000
 4.115417
 0.200000
 0.800000
 4.160160
 0.300000
 0.800000
 4.229848
 0.400000
 0.800000
 4.317660
 0.500000
 0.800000
 4.415000
 0.600000
 0.800000
 4.512340
 0.700000
 0.800000
 4.600152
 0.800000
 0.800000
 4.669840
 0.900000
 0.800000
 4.714583
 1.000000
 0.800000
 4.730000
 1.100000
 0.800000
 4.714583
 1.200000
 0.800000
 4.669840
 1.300000
 0.800000
 4.600152
 1.400000
 0.800000
 4.512340
 1.500000
 0.800000
 4.415000
 1.600000
 0.800000
 4.317660
 1.700000
 0.800000
 4.229848
 1.800000
 0.800000
 4.160160
 1.900000
 0.800000
 4.115417
 2.000000
 0.800000
 4.100000
 0.000000
 1.200000
 4.100000
 0.100000
 1.200000
 4.115417
 0.200000
 1.200000
 4.160160
 0.300000
 1.200000
 4.229848
 0.400000
 1.200000
 4.317660
 0.500000
 1.200000
 4.415000
 0.600000
 1.200000
 4.512340
 0.700000
 1.200000
 4.600152
 0.800000
 1.200000
 4.669840
 0.900000
 1.200000
 4.714583
 1.000000
 1.200000
 4.730000
 1.100000
 1.200000
 4.714583
 1.200000
 1.200000
 4.669840
 1.300000
 1.200000
 4.600152
 1.400000
 1.200000
 4.512340
 1.500000
 1.200000
 4.415000
 1.600000
 1.200000
 4.317660
 1.700000
 1.200000
 4.229848
 1.800000
 1.200000
 4.160160
 1.900000
 1.200000
 4.115417
 2.000000
 1.200000
 4.100000
 0.000000
 1.600000
 4.100000
 0.100000
 1.600000
 4.115417
 0.200000
 1.600000
 4.160160
 0.300000
 1.600000
 4.229848
 0.400000
 1.600000
 4.317660
 0.500000
 1.600000
 4.415000
 0.600000
 1.600000
 4.512340
 0.700000
 1.600000
 4.600152
 0.800000
 1.600000
 4.669840
 0.900000
 1.600000
 4.714583
 1.000000
 1.600000
 4.730000
 1.100000
 1.600000
 4.714583
 1.200000
 1.600000
 4.669840
 1.300000
 1.600000
 4.600152
 1.400000
 1.600000
 4.512340
 1.500000
 1.600000
 4.415000
 1.600000
 1.600000
 4.317660
 1.700000
 1.600000
 4.229848
 1.800000
 1.600000
 4.160160
 1.900000
 1.600000
 4.115417
 2.000000
 1.600000
 4.100000
 0.000000
 2.000000
 4.100000
 0.100000
 2.000000
 4.115417
 0.200000
 2.000000
 4.160160
 0.300000
 2.000000
 4.229848
 0.400000
 2.000000
 4.317660
 0.500000
 2.000000
 4.415000
 0.600000
 2.000000
 4.512340
 0.700000
 2.000000
 4.600152
 0.800000
 2.000000
 4.669840
 0.900000
 2.000000
 4.714583
 1.000000
 2.000000
 4.730000
 1.100000
 2.000000
 4.714583
 1.200000
 2.000000
 4.669840
 1.300000
 2.000000
 4.600152
 1.400000
 2.000000
 4.512340
 1.500000
 2.000000
 4.415000
 1.600000
 2.000000
 4.317660
 1.700000
 2.000000
 4.229848
 1.800000
 2.000000
 4.160160
 1.900000
 2.000000
 4.115417
 2.000000
 2.000000
 4.100000
 0.000000
 0.000000
 4.200000
 0.100000
 0.000000
 4.213704
 0.200000
 0.000000
 4.253475
 0.300000
 0.000000
 4.315420
 0.400000
 0.000000
 4.393475
 0.500000
 0.000000
 4.480000
 0.600000
 0.000000
 4.566525
 0.700000
 0.000000
 4.644580
 0.800000
 0.000000
 4.706525
 0.900000
 0.000000
 4.746296
 1.000000
 0.000000
 4.760000
 1.100000
 0.000000
 4.746296
 1.200000
 0.000000
 4.706525
 1.300000
 0.000000
 4.644580
 1.400000
 0.000000
 4.566525
 1.500000
 0.000000
 4.480000
 1.600000
 0.000000
 4.393475
 1.700000
 0.000000
 4.315420
 1.800000
 0.000000
 4.253475
 1.900000
 0.000000
 4.213704
 2.000000
 0.000000
 4.200000
 0.000000
 0.400000
 4.200000
 0.100000
 0.400000
 4.213704
 0.200000
 0.400000
 4.253475
 0.300000
 0.400000
 4.315420
 0.400000
 0.400000
 4.393475
 0.500000
 0.400000
 4.480000
 0.600000
 0.400000
 4.566525
 0.700000
 0.400000
 4.644580
 0.800000
 0.400000
 4.706525
 0.900000
 0.400000
 4.746296
 1.000000
 0.400000
 4.760000
 1.100000
 0.400000
 4.746296
 1.200000
 0.400000
 4.706525
 1.300000
 0.400000
 4.644580
 1.400000
 0.400000
 4.566525
 1.500000
 0.400000
 4.480000
 1.600000
 0.400000
 4.393475
 1.700000
 0.400000
 4.315420
 1.800000
 0.400000
 4.253475
 1.900000
 0.400000
 4.213704
 2.000000
 0.400000
 4.200000
 0.000000
 0.800000
 4.200000
 0.100000
 0.800000
 4.213704
 0.200000
 0.800000
 4.253475
 0.300000
 0.800000
 4.315420
 0.400000
 0.800000
 4.393475
 0.500000
 0.800000
 4.480000
 0.600000
 0.800000
 4.566525
 0.700000
 0.800000
 4.644580
 0.800000
 0.800000
 4.706525
 0.900000
 0.800000
 4.746296
 1.000000
 0.800000
 4.760000
 1.100000
 0.800000
 4.746296
 1.200000
 0.800000
 4.706525
 1.300000
 0.800000
 4.644580
 1.400000
 0.800000
 4.566525
 1.500000
 0.800000
 4.480000
 1.600000
 0.800000
 4.393475
 1.700000
 0.800000
 4.315420
 1.800000
 0.800000
 4.253475
 1.900000
 0.800000
 4.213704
 2.000000
 0.800000
 4.200000
 0.000000
 1.200000
 4.200000
 0.100000
 1.200000
 4.213704
 0.200000
 1.200000
 4.253475
 0.300000
 1.200000
 4.315420
 0.400000
 1.200000
 4.393475
 0.500000
 1.200000
 4.480000
 0.600000
 1.200000
 4.566525
 0.700000
 1.200000
 4.644580
 0.800000
 1.200000
 4.706525
 0.900000
 1.200000
 4.746296
 1.000000
 1.200000
 4.760000
 1.100000
 1.200000
 4.746296
 1.200000
 1.200000
 4.706525
 1.300000
 1.200000
 4.644580
 1.400000
 1.200000
 4.566525
 1.500000
 1.200000
 4.480000
 1.600000
 1.200000
 4.393475
 1.700000
 1.200000
 4.315420
 1.800000
 1.200000
 4.253475
 1.900000
 1.200000
 4.213704
 2.000000
 1.200000
 4.200000
 0.000000
 1.600000
 4.200000
 0.100000
 1.600000
 4.213704
 0.200000
 1.600000
 4.253475
 0.300000
 1.600000
 4.315420
 0.400000
 1.600000
 4.393475
 0.500000
 1.600000
 4.480000
 0.600000
 1.600000
 4.566525
 0.700000
 1.600000
 4.644580
 0.800000
 1.600000
 4.706525
 0.900000
 1.600000
 4.746296
 1.000000
 1.600000
 4.760000
 1.100000
 1.600000
 4.746296
 1.200000
 1.600000
 4.706525
 1.300000
 1.600000
 4.644580
 1.400000
 1.600000
 4.566525
 1.500000
 1.600000
 4.480000
 1.600000
 1.600000
 4.393475
 1.700000
 1.600000
 4.315420
 1.800000
 1.600000
 4.253475
 1.900000
 1.600000
 4.213704
 2.000000
 1.600000
 4.200000
 0.000000
 2.000000
 4.200000
 0.100000
 2.000000
 4.213704
 0.200000
 2.000000
 4.253475
 0.300000
 2.000000
 4.315420
 0.400000
 2.000000
 4.393475
 0.500000
 2.000000
 4.480000
 0.600000
 2.000000
 4.566525
 0.700000
 2.000000
 4.644580
 0.800000
 2.000000
 4.706525
 0.900000
 2.000000
 4.746296
 1.000000
 2.000000
 4.760000
 1.100000
 2.000000
 4.746296
 1.200000
 2.000000
 4.706525
 1.300000
 2.000000
 4.644580
 1.400000
 2.000000
 4.566525
 1.500000
 2.000000
 4.480000
 1.600000
 2.000000
 4.393475
 1.700000
 2.000000
 4.315420
 1.800000
 2.000000
 4.253475
 1.900000
 2.000000
 4.213704
 2.000000
 2.000000
 4.200000
 0.000000
 0.000000
 4.300000
 0.100000
 0.000000
 4.311991
 0.200000
 0.000000
 4.346791
 0.300000
 0.000000
 4.400993
 0.400000
 0.000000
 4.469291
 0.500000
 0.000000
 4.545000
 0.600000
 0.000000
 4.620709
 0.700000
 0.000000
 4.689007
 0.800000
 0.000000
 4.743209
 0.900000
 0.000000
 4.778009
 1.000000
 0.000000
 4.790000
 1.100000
 0.000000
 4.778009
 1.200000
 0.000000
 4.743209
 1.300000
 0.000000
 4.689007
 1.400000
 0.000000
 4.620709
 1.500000
 0.000000
 4.545000
 1.600000
 0.000000
 4.469291
 1.700000
 0.000000
 4.400993
 1.800000
 0.000000
 4.346791
 1.900000
 0.000000
 4.311991
 2.000000
 0.000000
 4.300000
 0.000000
 0.400000
 4.300000
 0.100000
 0.400000
 4.311991
 0.200000
 0.400000
 4.346791
 0.300000
 0.400000
 4.400993
 0.400000
 0.400000
 4.469291
 0.500000
 0.400000
 4.545000
 0.600000
 0.400000
 4.620709
 0.700000
 0.400000
 4.689007
 0.800000
 0.400000
 4.743209
 0.900000
 0.400000
 4.778009
 1.000000
 0.400000
 4.790000
 1.100000
 0.400000
 4.778009
 1.200000
 0.400000
 4.743209
 1.300000
 0.400000
 4.689007
 1.400000
 0.400000
 4.620709
 1.500000
 0.400000
 4.545000
 1.600000
 0.400000
 4.469291
 1.700000
 0.400000
 4.400993
 1.800000
 0.400000
 4.346791
 1.900000
 0.400000
 4.311991
 2.000000
 0.400000
 4.300000
 0.000000
 0.800000
 4.300000
 0.100000
 0.800000
 4.311991
 0.200000
 0.800000
 4.346791
 0.300000
 0.800000
 4.400993
 0.400000
 0.800000
 4.469291
 0.500000
 0.800000
 4.545000
 0.600000
 0.800000
 4.620709
 0.700000
 0.800000
 4.689007
 0.800000
 0.800000
 4.743209
 0.900000
 0.800000
 4.778009
 1.000000
 0.800000
 4.790000
 1.100000
 0.800000
 4.778009
 1.200000
 0.800000
 4.743209
 1.300000
 0.800000
 4.689007
 1.400000
 0.800000
 4.620709
 1.500000
 0.800000
 4.545000
 1.600000
 0.800000
 4.469291
 1.700000
 0.800000
 4.400993
 1.800000
 0.800000
 4.346791
 1.900000
 0.800000
 4.311991
 2.000000
 0.800000
 4.300000
 0.000000
 1.200000
 4.300000
 0.100000
 1.200000
 4.311991
 0.200000
 1.200000
 4.346791
 0.300000
 1.200000
 4.400993
 0.400000
 1.200000
 4.469291
 0.500000
 1.200000
 4.545000
 0.600000
 1.200000
 4.620709
 0.700000
 1.200000
 4.689007
 0.800000
 1.200000
 4.743209
 0.900000
 1.200000
 4.778009
 1.000000
 1.200000
 4.790000
 1.100000
 1.200000
 4.778009
 1.200000
 1.200000
 4.743209
 1.300000
 1.200000
 4.689007
 1.400000
 1.200000
 4.620709
 1.500000
 1.200000
 4.545000
 1.600000
 1.200000
 4.469291
 1.700000
 1.200000
 4.400993
 1.800000
 1.200000
 4.346791
 1.900000
 1.200000
 4.311991
 2.000000
 1.200000
 4.300000
 0.000000
 1.600000
 4.300000
 0.100000
 1.600000
 4.311991
 0.200000
 1.600000
 4.346791
 0.300000
 1.600000
 4.400993
 0.400000
 1.600000
 4.469291
 0.500000
 1.600000
 4.545000
 0.600000
 1.600000
 4.620709
 0.700000
 1.600000
 4.689007
 0.800000
 1.600000
 4.743209
 0.900000
 1.600000
 4.778009
 1.000000
 1.600000
 4.790000
 1.100000
 1.600000
 4.778009
 1.200000
 1.600000
 4.743209
 1.300000
 1.600000
 4.689007
 1.400000
 1.600000
 4.620709
 1.500000
 1.600000
 4.545000
 1.600000
 1.600000
 4.469291
 1.700000
 1.600000
 4.400993
 1.800000
 1.600000
 4.346791
 1.900000
 1.600000
 4.311991
 2.000000
 1.600000
 4.300000
 0.000000
 2.000000
 4.300000
 0.100000
 2.000000
 4.311991
 0.200000
 2.000000
 4.346791
 0.300000
 2.000000
 4.400993
 0.400000
 2.000000
 4.469291
 0.500000
 2.000000
 4.545000
 0.600000
 2.000000
 4.620709
 0.700000
 2.000000
 4.689007
 0.800000
 2.000000
 4.743209
 0.900000
 2.000000
 4.778009
 1.000000
 2.000000
 4.790000
 1.100000
 2.000000
 4.778009
 1.200000
 2.000000
 4.743209
 1.300000
 2.000000
 4.689007
 1.400000
 2.000000
 4.620709
 1.500000
 2.000000
 4.545000
 1.600000
 2.000000
 4.469291
 1.700000
 2.000000
 4.400993
 1.800000
 2.000000
 4.346791
 1.900000
 2.000000
 4.311991
 2.000000
 2.000000
 4.300000
 0.000000
 0.000000
 4.400000
 0.100000
 0.000000
 4.410278
 0.200000
 0.000000
 4.440106
 0.300000
 0.000000
 4.486565
 0.400000
 0.000000
 4.545106
 0.500000
 0.000000
 4.610000
 0.600000
 0.000000
 4.674894
 0.700000
 0.000000
 4.733435
 0.800000
 0.000000
 4.779894
 0.900000
 0.000000
 4.809722
 1.000000
 0.000000
 4.820000
 1.100000
 0.000000
 4.809722
 1.200000
 0.000000
 4.779894
 1.300000
 0.000000
 4.733435
 1.400000
 0.000000
 4.674894
 1.500000
 0.000000
 4.610000
 1.600000
 0.000000
 4.545106
 1.700000
 0.000000
 4.486565
 1.800000
 0.000000
 4.440106
 1.900000
 0.000000
 4.410278
 2.000000
 0.000000
 4.400000
 0.000000
 0.400000
 4.400000
 0.100000
 0.400000
 4.410278
 0.200000
 0.400000
 4.440106
 0.300000
 0.400000
 4.486565
 0.400000
 0.400000
 4.545106
 0.500000
 0.400000
 4.610000
 0.600000
 0.400000
 4.674894
 0.700000
 0.400000
 4.733435
 0.800000
 0.400000
 4.779894
 0.900000
 0.400000
 4.809722
 1.000000
 0.400000
 4.820000
 1.100000
 0.400000
 4.809722
 1.200000
 0.400000
 4.779894
 1.300000
 0.400000
 4.733435
 1.400000
 0.400000
 4.674894
 1.500000
 0.400000
 4.610000
 1.600000
 0.400000
 4.545106
 1.700000
 0.400000
 4.486565
 1.800000
 0.400000
 4.440106
 1.900000
 0.400000
 4.410278
 2.000000
 0.400000
 4.400000
 0.000000
 0.800000
 4.400000
 0.100000
 0.800000
 4.410278
 0.200000
 0.800000
 4.440106
 0.300000
 0.800000
 4.486565
 0.400000
 0.800000
 4.545106
 0.500000
 0.800000
 4.610000
 0.600000
 0.800000
 4.674894
 0.700000
 0.800000
 4.733435
 0.800000
 0.800000
 4.779894
 0.900000
 0.800000
 4.809722
 1.000000
 0.800000
 4.820000
 1.100000
 0.800000
 4.809722
 1.200000
 0.800000
 4.779894
 1.300000
 0.800000
 4.733435
 1.400000
 0.800000
 4.674894
 1.500000
 0.800000
 4.610000
 1.600000
 0.800000
 4.545106
 1.700000
 0.800000
 4.486565
 1.800000
 0.800000
 4.440106
 1.900000
 0.800000
 4.410278
 2.000000
 0.800000
 4.400000
 0.000000
 1.200000
 4.400000
 0.100000
 1.200000
 4.410278
 0.200000
 1.200000
 4.440106
 0.300000
 1.200000
 4.486565
 0.400000
 1.200000
 4.545106
 0.500000
 1.200000
 4.610000
 0.600000
 1.200000
 4.674894
 0.700000
 1.200000
 4.733435
 0.800000
 1.200000
 4.779894
 0.900000
 1.200000
 4.809722
 1.000000
 1.200000
 4.820000
 1.100000
 1.200000
 4.809722
 1.200000
 1.200000
 4.779894
 1.300000
 1.200000
 4.733435
 1.400000
 1.200000
 4.674894
 1.500000
 1.200000
 4.610000
 1.600000
 1.200000
 4.545106
 1.700000
 1.200000
 4.486565
 1.800000
 1.200000
 4.440106
 1.900000
 1.200000
 4.410278
 2.000000
 1.200000
 4.400000
 0.000000
 1.600000
 4.400000
 0.100000
 1.600000
 4.410278
 0.200000
 1.600000
 4.440106
 0.300000
 1.600000
 4.486565
 0.400000
 1.600000
 4.545106
 0.500000
 1.600000
 4.610000
 0.600000
 1.600000
 4.674894
 0.700000
 1.600000
 4.733435
 0.800000
 1.600000
 4.779894
 0.900000
 1.600000
 4.809722
 1.000000
 1.600000
 4.820000
 1.100000
 1.600000
 4.809722
 1.200000
 1.600000
 4.779894
 1.300000
 1.600000
 4.733435
 1.400000
 1.600000
 4.674894
 1.500000
 1.600000
 4.610000
 1.600000
 1.600000
 4.545106
 1.700000
 1.600000
 4.486565
 1.800000
 1.600000
 4.440106
 1.900000
 1.600000
 4.410278
 2.000000
 1.600000
 4.400000
 0.000000
 2.000000
 4.400000
 0.100000
 2.000000
 4.410278
 0.200000
 2.000000
 4.440106
 0.300000
 2.000000
 4.486565
 0.400000
 2.000000
 4.545106
 0.500000
 2.000000
 4.610000
 0.600000
 2.000000
 4.674894
 0.700000
 2.000000
 4.733435
 0.800000
 2.000000
 4.779894
 0.900000
 2.000000
 4.809722
 1.000000
 2.000000
 4.820000
 1.100000
 2.000000
 4.809722
 1.200000
 2.000000
 4.779894
 1.300000
 2.000000
 4.733435
 1.400000
 2.000000
 4.674894
 1.500000
 2.000000
 4.610000
 1.600000
 2.000000
 4.545106
 1.700000
 2.000000
 4.486565
 1.800000
 2.000000
 4.440106
 1.900000
 2.000000
 4.410278
 2.000000
 2.000000
 4.400000
 0.000000
 0.000000
 4.500000
 0.100000
 0.000000
 4.508565
 0.200000
 0.000000
 4.533422
 0.300000
 0.000000
 4.572138
 0.400000
 0.000000
 4.620922
 0.500000
 0.000000
 4.675000
 0.600000
 0.000000
 4.729078
 0.700000
 0.000000
 4.777862
 0.800000
 0.000000
 4.816578
 0.900000
 0.000000
 4.841435
 1.000000
 0.000000
 4.850000
 1.100000
 0.000000
 4.841435
 1.200000
 0.000000
 4.816578
 1.300000
 0.000000
 4.777862
 1.400000
 0.000000
 4.729078
 1.500000
 0.000000
 4.675000
 1.600000
 0.000000
 4.620922
 1.700000
 0.000000
 4.572138
 1.800000
 0.000000
 4.533422
 1.900000
 0.000000
 4.508565
 2.000000
 0.000000
 4.500000
 0.000000
 0.400000
 4.500000
 0.100000
 0.400000
 4.508565
 0.200000
 0.400000
 4.533422
 0.300000
 0.400000
 4.572138
 0.400000
 0.400000
 4.620922
 0.500000
 0.400000
 4.675000
 0.600000
 0.400000
 4.729078
 0.700000
 0.400000
 4.777862
 0.800000
 0.400000
 4.816578
 0.900000
 0.400000
 4.841435
 1.000000
 0.400000
 4.850000
 1.100000
 0.400000
 4.841435
 1.200000
 0.400000
 4.816578
 1.300000
 0.400000
 4.777862
 1.400000
 0.400000
 4.729078
 1.500000
 0.400000
 4.675000
 1.600000
 0.400000
 4.620922
 1.700000
 0.400000
 4.572138
 1.800000
 0.400000
 4.533422
 1.900000
 0.400000
 4.508565
 2.000000
 0.400000
 4.500000
 0.000000
 0.800000
 4.500000
 0.100000
 0.800000
 4.508565
 0.200000
 0.800000
 4.533422
 0.300000
 0.800000
 4.572138
 0.400000
 0.800000
 4.620922
 0.500000
 0.800000
 4.675000
 0.600000
 0.800000
 4.729078
 0.700000
 0.800000
 4.777862
 0.800000
 0.800000
 4.816578
 0.900000
 0.800000
 4.841435
 1.000000
 0.800000
 4.850000
 1.100000
 0.800000
 4.841435
 1.200000
 0.800000
 4.816578
 1.300000
 0.800000
 4.777862
 1.400000
 0.800000
 4.729078
 1.500000
 0.800000
 4.675000
 1.600000
 0.800000
 4.620922
 1.700000
 0.800000
 4.572138
 1.800000
 0.800000
 4.533422
 1.900000
 0.800000
 4.508565
 2.000000
 0.800000
 4.500000
 0.000000
 1.200000
 4.500000
 0.100000
 1.200000
 4.508565
 0.200000
 1.200000
 4.533422
 0.300000
 1.200000
 4.572138
 0.400000
 1.200000
 4.620922
 0.500000
 1.200000
 4.675000
 0.600000
 1.200000
 4.729078
 0.700000
 1.200000
 4.777862
 0.800000
 1.200000
 4.816578
 0.900000
 1.200000
 4.841435
 1.000000
 1.200000
 4.850000
 1.100000
 1.200000
 4.841435
 1.200000
 1.200000
 4.816578
 1.300000
 1.200000
 4.777862
 1.400000
 1.200000
 4.729078
 1.500000
 1.200000
 4.675000
 1.600000
 1.200000
 4.620922
 1.700000
 1.200000
 4.572138
 1.800000
 1.200000
 4.533422
 1.900000
 1.200000
 4.508565
 2.000000
 1.200000
 4.500000
 0.000000
 1.600000
 4.500000
 0.100000
 1.600000
 4.508565
 0.200000
 1.600000
 4.533422
 0.300000
 1.600000
 4.572138
 0.400000
 1.600000
 4.620922
 0.500000
 1.600000
 4.675000
 0.600000
 1.600000
 4.729078
 0.700000
 1.600000
 4.777862
 0.800000
 1.600000
 4.816578
 0.900000
 1.600000
 4.841435
 1.000000
 1.600000
 4.850000
 1.100000
 1.600000
 4.841435
 1.200000
 1.600000
 4.816578
 1.300000
 1.600000
 4.777862
 1.400000
 1.600000
 4.729078
 1.500000
 1.600000
 4.675000
 1.600000
 1.600000
 4.620922
 1.700000
 1.600000
 4.572138
 1.800000
 1.600000
 4.533422
 1.900000
 1.600000
 4.508565
 2.000000
 1.600000
 4.500000
 0.000000
 2.000000
 4.500000
 0.100000
 2.000000
 4.508565
 0.200000
 2.000000
 4.533422
 0.300000
 2.000000
 4.572138
 0.400000
 2.000000
 4.620922
 0.500000
 2.000000
 4.675000
 0.600000
 2.000000
 4.729078
 0.700000
 2.000000
 4.777862
 0.800000
 2.000000
 4.816578
 0.900000
 2.000000
 4.841435
 1.000000
 2.000000
 4.850000
 1.100000
 2.000000
 4.841435
 1.200000
 2.000000
 4.816578
 1.300000
 2.000000
 4.777862
 1.400000
 2.000000
 4.729078
 1.500000
 2.000000
 4.675000
 1.600000
 2.000000
 4.620922
 1.700000
 2.000000
 4.572138
 1.800000
 2.000000
 4.533422
 1.900000
 2.000000
 4.508565
 2.000000
 2.000000
 4.500000
 0.000000
 0.000000
 4.600000
 0.100000
 0.000000
 4.606852
 0.200000
 0.000000
 4.626738
 0.300000
 0.000000
 4.657710
 0.400000
 0.000000
 4.696738
 0.500000
 0.000000
 4.740000
 0.600000
 0.000000
 4.783262
 0.700000
 0.000000
 4.822290
 0.800000
 0.000000
 4.853262
 0.900000
 0.000000
 4.873148
 1.000000
 0.000000
 4.880000
 1.100000
 0.000000
 4.873148
 1.200000
 0.000000
 4.853262
 1.300000
 0.000000
 4.822290
 1.400000
 0.000000
 4.783262
 1.500000
 0.000000
 4.740000
 1.600000
 0.000000
 4.696738
 1.700000
 0.000000
 4.657710
 1.800000
 0.000000
 4.626738
 1.900000
 0.000000
 4.606852
 2.000000
 0.000000
 4.600000
 0.000000
 0.400000
 4.600000
 0.100000
 0.400000
 4.606852
 0.200000
 0.400000
 4.626738
 0.300000
 0.400000
 4.657710
 0.400000
 0.400000
 4.696738
 0.500000
 0.400000
 4.740000
 0.600000
 0.400000
 4.783262
 0.700000
 0.400000
 4.822290
 0.800000
 0.400000
 4.853262
 0.900000
 0.400000
 4.873148
 1.000000
 0.400000
 4.880000
 1.100000
 0.400000
 4.873148
 1.200000
 0.400000
 4.853262
 1.300000
 0.400000
 4.822290
 1.400000
 0.400000
 4.783262
 1.500000
 0.400000
 4.740000
 1.600000
 0.400000
 4.696738
 1.700000
 0.400000
 4.657710
 1.800000
 0.400000
 4.626738
 1.900000
 0.400000
 4.606852
 2.000000
 0.400000
 4.600000
 0.000000
 0.800000
 4.600000
 0.100000
 0.800000
 4.606852
 0.200000
 0.800000
 4.626738
 0.300000
 0.800000
 4.657710
 0.400000
 0.800000
 4.696738
 0.500000
 0.800000
 4.740000
 0.600000
 0.800000
 4.783262
 0.700000
 0.800000
 4.822290
 0.800000
 0.800000
 4.853262
 0.900000
 0.800000
 4.873148
 1.000000
 0.800000
 4.880000
 1.100000
 0.800000
 4.873148
 1.200000
 0.800000
 4.853262
 1.300000
 0.800000
 4.822290
 1.400000
 0.800000
 4.783262
 1.500000
 0.800000
 4.740000
 1.600000
 0.800000
 4.696738
 1.700000
 0.800000
 4.657710
 1.800000
 0.800000
 4.626738
 1.900000
 0.800000
 4.606852
 2.000000
 0.800000
 4.600000
 0.000000
 1.200000
 4.600000
 0.100000
 1.200000
 4.606852
 0.200000
 1.200000
 4.626738
 0.300000
 1.200000
 4.657710
 0.400000
 1.200000
 4.696738
 0.500000
 1.200000
 4.740000
 0.600000
 1.200000
 4.783262
 0.700000
 1.200000
 4.822290
 0.800000
 1.200000
 4.853262
 0.900000
 1.200000
 4.873148
 1.000000
 1.200000
 4.880000
 1.100000
 1.200000
 4.873148
 1.200000
 1.200000
 4.853262
 1.300000
 1.200000
 4.822290
 1.400000
 1.200000
 4.783262
 1.500000
 1.200000
 4.740000
 1.600000
 1.200000
 4.696738
 1.700000
 1.200000
 4.657710
 1.800000
 1.200000
 4.626738
 1.900000
 1.200000
 4.606852
 2.000000
 1.200000
 4.600000
 0.000000
 1.600000
 4.600000
 0.100000
 1.600000
 4.606852
 0.200000
 1.600000
 4.626738
 0.300000
 1.600000
 4.657710
 0.400000
 1.600000
 4.696738
 0.500000
 1.600000
 4.740000
 0.600000
 1.600000
 4.783262
 0.700000
 1.600000
 4.822290
 0.800000
 1.600000
 4.853262
 0.900000
 1.600000
 4.873148
 1.000000
 1.600000
 4.880000
 1.100000
 1.600000
 4.873148
 1.200000
 1.600000
 4.853262
 1.300000
 1.600000
 4.822290
 1.400000
 1.600000
 4.783262
 1.500000
 1.600000
 4.740000
 1.600000
 1.600000
 4.696738
 1.700000
 1.600000
 4.657710
 1.800000
 1.600000
 4.626738
 1.900000
 1.600000
 4.606852
 2.000000
 1.600000
 4.600000
 0.000000
 2.000000
 4.600000
 0.100000
 2.000000
 4.606852
 0.200000
 2.000000
 4.626738
 0.300000
 2.000000
 4.657710
 0.400000
 2.000000
 4.696738
 0.500000
 2.000000
 4.740000
 0.600000
 2.000000
 4.783262
 0.700000
 2.000000
 4.822290
 0.800000
 2.000000
 4.853262
 0.900000
 2.000000
 4.873148
 1.000000
 2.000000
 4.880000
 1.100000
 2.000000
 4.873148
 1.200000
 2.000000
 4.853262
 1.300000
 2.000000
 4.822290
 1.400000
 2.000000
 4.783262
 1.500000
 2.000000
 4.740000
 1.600000
 2.000000
 4.696738
 1.700000
 2.000000
 4.657710
 1.800000
 2.000000
 4.626738
 1.900000
 2.000000
 4.606852
 2.000000
 2.000000
 4.600000
 0.000000
 0.000000
 4.700000
 0.100000
 0.000000
 4.705139
 0.200000
 0.000000
 4.720053
 0.300000
 0.000000
 4.743283
 0.400000
 0.000000
 4.772553
 0.500000
 0.000000
 4.805000
 0.600000
 0.000000
 4.837447
 0.700000
 0.000000
 4.866717
 0.800000
 0.000000
 4.889947
 0.900000
 0.000000
 4.904861
 1.000000
 0.000000
 4.910000
 1.100000
 0.000000
 4.904861
 1.200000
 0.000000
 4.889947
 1.300000
 0.000000
 4.866717
 1.400000
 0.000000
 4.837447
 1.500000
 0.000000
 4.805000
 1.600000
 0.000000
 4.772553
 1.700000
 0.000000
 4.743283
 1.800000
 0.000000
 4.720053
 1.900000
 0.000000
 4.705139
 2.000000
 0.000000
 4.700000
 0.000000
 0.400000
 4.700000
 0.100000
 0.400000
 4.705139
 0.200000
 0.400000
 4.720053
 0.300000
 0.400000
 4.743283
 0.400000
 0.400000
 4.772553
 0.500000
 0.400000
 4.805000
 0.600000
 0.400000
 4.837447
 0.700000
 0.400000
 4.866717
 0.800000
 0.400000
 4.889947
 0.900000
 0.400000
 4.904861
 1.000000
 0.400000
 4.910000
 1.100000
 0.400000
 4.904861
 1.200000
 0.400000
 4.889947
 1.300000
 0.400000
 4.866717
 1.400000
 0.400000
 4.837447
 1.500000
 0.400000
 4.805000
 1.600000
 0.400000
 4.772553
 1.700000
 0.400000
 4.743283
 1.800000
 0.400000
 4.720053
 1.900000
 0.400000
 4.705139
 2.000000
 0.400000
 4.700000
 0.000000
 0.800000
 4.700000
 0.100000
 0.800000
 4.705139
 0.200000
 0.800000
 4.720053
 0.300000
 0.800000
 4.743283
 0.400000
 0.800000
 4.772553
 0.500000
 0.800000
 4.805000
 0.600000
 0.800000
 4.837447
 0.700000
 0.800000
 4.866717
 0.800000
 0.800000
 4.889947
 0.900000
 0.800000
 4.904861
 1.000000
 0.800000
 4.910000
 1.100000
 0.800000
 4.904861
 1.200000
 0.800000
 4.889947
 1.300000
 0.800000
 4.866717
 1.400000
 0.800000
 4.837447
 1.500000
 0.800000
 4.805000
 1.600000
 0.800000
 4.772553
 1.700000
 0.800000
 4.743283
 1.800000
 0.800000
 4.720053
 1.900000
 0.800000
 4.705139
 2.000000
 0.800000
 4.700000
 0.000000
 1.200000
 4.700000
 0.100000
 1.200000
 4.705139
 0.200000
 1.200000
 4.720053
 0.300000
 1.200000
 4.743283
 0.400000
 1.200000
 4.772553
 0.500000
 1.200000
 4.805000
 0.600000
 1.200000
 4.837447
 0.700000
 1.200000
 4.866717
 0.800000
 1.200000
 4.889947
 0.900000
 1.200000
 4.904861
 1.000000
 1.200000
 4.910000
 1.100000
 1.200000
 4.904861
 1.200000
 1.200000
 4.889947
 1.300000
 1.200000
 4.866717
 1.400000
 1.200000
 4.837447
 1.500000
 1.200000
 4.805000
 1.600000
 1.200000
 4.772553
 1.700000
 1.200000
 4.743283
 1.800000
 1.200000
 4.720053
 1.900000
 1.200000
 4.705139
 2.000000
 1.200000
 4.700000
 0.000000
 1.600000
 4.700000
 0.100000
 1.600000
 4.705139
 0.200000
 1.600000
 4.720053
 0.300000
 1.600000
 4.743283
 0.400000
 1.600000
 4.772553
 0.500000
 1.600000
 4.805000
 0.600000
 1.600000
 4.837447
 0.700000
 1.600000
 4.866717
 0.800000
 1.600000
 4.889947
 0.900000
 1.600000
 4.904861
 1.000000
 1.600000
 4.910000
 1.100000
 1.600000
 4.904861
 1.200000
 1.600000
 4.889947
 1.300000
 1.600000
 4.866717
 1.400000
 1.600000
 4.837447
 1.500000
 1.600000
 4.805000
 1.600000
 1.600000
 4.772553
 1.700000
 1.600000
 4.743283
 1.800000
 1.600000
 4.720053
 1.900000
 1.600000
 4.705139
 2.000000
 1.600000
 4.700000
 0.000000
 2.000000
 4.700000
 0.100000
 2.000000
 4.705139
 0.200000
 2.000000
 4.720053
 0.300000
 2.000000
 4.743283
 0.400000
 2.000000
 4.772553
 0.500000
 2.000000
 4.805000
 0.600000
 2.000000
 4.837447
 0.700000
 2.000000
 4.866717
 0.800000
 2.000000
 4.889947
 0.900000
 2.000000
 4.904861
 1.000000
 2.000000
 4.910000
 1.100000
 2.000000
 4.904861
 1.200000
 2.000000
 4.889947
 1.300000
 2.000000
 4.866717
 1.400000
 2.000000
 4.837447
 1.500000
 2.000000
 4.805000
 1.600000
 2.000000
 4.772553
 1.700000
 2.000000
 4.743283
 1.800000
 2.000000
 4.720053
 1.900000
 2.000000
 4.705139
 2.000000
 2.000000
 4.700000
 0.000000
 0.000000
 4.800000
 0.100000
 0.000000
 4.803426
 0.200000
 0.000000
 4.813369
 0.300000
 0.000000
 4.828855
 0.400000
 0.000000
 4.848369
 0.500000
 0.000000
 4.870000
 0.600000
 0.000000
 4.891631
 0.700000
 0.000000
 4.911145
 0.800000
 0.000000
 4.926631
 0.900000
 0.000000
 4.936574
 1.000000
 0.000000
 4.940000
 1.100000
 0.000000
 4.936574
 1.200000
 0.000000
 4.926631
 1.300000
 0.000000
 4.911145
 1.400000
 0.000000
 4.891631
 1.500000
 0.000000
 4.870000
 1.600000
 0.000000
 4.848369
 1.700000
 0.000000
 4.828855
 1.800000
 0.000000
 4.813369
 1.900000
 0.000000
 4.803426
 2.000000
 0.000000
 4.800000
 0.000000
 0.400000
 4.800000
 0.100000
 0.400000
 4.803426
 0.200000
 0.400000
 4.813369
 0.300000
 0.400000
 4.828855
 0.400000
 0.400000
 4.848369
 0.500000
 0.400000
 4.870000
 0.600000
 0.400000
 4.891631
 0.700000
 0.400000
 4.911145
 0.800000
 0.400000
 4.926631
 0.900000
 0.400000
 4.936574
 1.000000
 0.400000
 4.940000
 1.100000
 0.400000
 4.936574
 1.200000
 0.400000
 4.926631
 1.300000
 0.400000
 4.911145
 1.400000
 0.400000
 4.891631
 1.500000
 0.400000
 4.870000
 1.600000
 0.400000
 4.848369
 1.700000
 0.400000
 4.828855
 1.800000
 0.400000
 4.813369
 1.900000
 0.400000
 4.803426
 2.000000
 0.400000
 4.800000
 0.000000
 0.800000
 4.800000
 0.100000
 0.800000
 4.803426
 0.200000
 0.800000
 4.813369
 0.300000
 0.800000
 4.828855
 0.400000
 0.800000
 4.848369
 0.500000
 0.800000
 4.870000
 0.600000
 0.800000
 4.891631
 0.700000
 0.800000
 4.911145
 0.800000
 0.800000
 4.926631
 0.900000
 0.800000
 4.936574
 1.000000
 0.800000
 4.940000
 1.100000
 0.800000
 4.936574
 1.200000
 0.800000
 4.926631
 1.300000
 0.800000
 4.911145
 1.400000
 0.800000
 4.891631
 1.500000
 0.800000
 4.870000
 1.600000
 0.800000
 4.848369
 1.700000
 0.800000
 4.828855
 1.800000
 0.800000
 4.813369
 1.900000
 0.800000
 4.803426
 2.000000
 0.800000
 4.800000
 0.000000
 1.200000
 4.800000
 0.100000
 1.200000
 4.803426
 0.200000
 1.200000
 4.813369
 0.300000
 1.200000
 4.828855
 0.400000
 1.200000
 4.848369
 0.500000
 1.200000
 4.870000
 0.600000
 1.200000
 4.891631
 0.700000
 1.200000
 4.911145
 0.800000
 1.200000
 4.926631
 0.900000
 1.200000
 4.936574
 1.000000
 1.200000
 4.940000
 1.100000
 1.200000
 4.936574
 1.200000
 1.200000
 4.926631
 1.300000
 1.200000
 4.911145
 1.400000
 1.200000
 4.891631
 1.500000
 1.200000
 4.870000
 1.600000
 1.200000
 4.848369
 1.700000
 1.200000
 4.828855
 1.800000
 1.200000
 4.813369
 1.900000
 1.200000
 4.803426
 2.000000
 1.200000
 4.800000
 0.000000
 1.600000
 4.800000
 0.100000
 1.600000
 4.803426
 0.200000
 1.600000
 4.813369
 0.300000
 1.600000
 4.828855
 0.400000
 1.600000
 4.848369
 0.500000
 1.600000
 4.870000
 0.600000
 1.600000
 4.891631
 0.700000
 1.600000
 4.911145
 0.800000
 1.600000
 4.926631
 0.900000
 1.600000
 4.936574
 1.000000
 1.600000
 4.940000
 1.100000
 1.600000
 4.936574
 1.200000
 1.600000
 4.926631
 1.300000
 1.600000
 4.911145
 1.400000
 1.600000
 4.891631
 1.500000
 1.600000
 4.870000
 1.600000
 1.600000
 4.848369
 1.700000
 1.600000
 4.828855
 1.800000
 1.600000
 4.813369
 1.900000
 1.600000
 4.803426
 2.000000
 1.600000
 4.800000
 0.000000
 2.000000
 4.800000
 0.100000
 2.000000
 4.803426
 0.200000
 2.000000
 4.813369
 0.300000
 2.000000
 4.828855
 0.400000
 2.000000
 4.848369
 0.500000
 2.000000
 4.870000
 0.600000
 2.000000
 4.891631
 0.700000
 2.000000
 4.911145
 0.800000
 2.000000
 4.926631
 0.900000
 2.000000
 4.936574
 1.000000
 2.000000
 4.940000
 1.100000
 2.000000
 4.936574
 1.200000
 2.000000
 4.926631
 1.300000
 2.000000
 4.911145
 1.400000
 2.000000
 4.891631
 1.500000
 2.000000
 4.870000
 1.600000
 2.000000
 4.848369
 1.700000
 2.000000
 4.828855
 1.800000
 2.000000
 4.813369
 1.900000
 2.000000
 4.803426
 2.000000
 2.000000
 4.800000
 0.000000
 0.000000
 4.900000
 0.100000
 0.000000
 4.901713
 0.200000
 0.000000
 4.906684
 0.300000
 0.000000
 4.914428
 0.400000
 0.000000
 4.924184
 0.500000
 0.000000
 4.935000
 0.600000
 0.000000
 4.945816
 0.700000
 0.000000
 4.955572
 0.800000
 0.000000
 4.963316
 0.900000
 0.000000
 4.968287
 1.000000
 0.000000
 4.970000
 1.100000
 0.000000
 4.968287
 1.200000
 0.000000
 4.963316
 1.300000
 0.000000
 4.955572
 1.400000
 0.000000
 4.945816
 1.500000
 0.000000
 4.935000
 1.600000
 0.000000
 4.924184
 1.700000
 0.000000
 4.914428
 1.800000
 0.000000
 4.906684
 1.900000
 0.000000
 4.901713
 2.000000
 0.000000
 4.900000
 0.000000
 0.400000
 4.900000
 0.100000
 0.400000
 4.901713
 0.200000
 0.400000
 4.906684
 0.300000
 0.400000
 4.914428
 0.400000
 0.400000
 4.924184
 0.500000
 0.400000
 4.935000
 0.600000
 0.400000
 4.945816
 0.700000
 0.400000
 4.955572
 0.800000
 0.400000
 4.963316
 0.900000
 0.400000
 4.968287
 1.000000
 0.400000
 4.970000
 1.100000
 0.400000
 4.968287
 1.200000
 0.400000
 4.963316
 1.300000
 0.400000
 4.955572
 1.400000
 0.400000
 4.945816
 1.500000
 0.400000
 4.935000
 1.600000
 0.400000
 4.924184
 1.700000
 0.400000
 4.914428
 1.800000
 0.400000
 4.906684
 1.900000
 0.400000
 4.901713
 2.000000
 0.400000
 4.900000
 0.000000
 0.800000
 4.900000
 0.100000
 0.800000
 4.901713
 0.200000
 0.800000
 4.906684
 0.300000
 0.800000
 4.914428
 0.400000
 0.800000
 4.924184
 0.500000
 0.800000
 4.935000
 0.600000
 0.800000
 4.945816
 0.700000
 0.800000
 4.955572
 0.800000
 0.800000
 4.963316
 0.900000
 0.800000
 4.968287
 1.000000
 0.800000
 4.970000
 1.100000
 0.800000
 4.968287
 1.200000
 0.800000
 4.963316
 1.300000
 0.800000
 4.955572
 1.400000
 0.800000
 4.945816
 1.500000
 0.800000
 4.935000
 1.600000
 0.800000
 4.924184
 1.700000
 0.800000
 4.914428
 1.800000
 0.800000
 4.906684
 1.900000
 0.800000
 4.901713
 2.000000
 0.800000
 4.900000
 0.000000
 1.200000
 4.900000
 0.100000
 1.200000
 4.901713
 0.200000
 1.200000
 4.906684
 0.300000
 1.200000
 4.914428
 0.400000
 1.200000
 4.924184
 0.500000
 1.200000
 4.935000
 0.600000
 1.200000
 4.945816
 0.700000
 1.200000
 4.955572
 0.800000
 1.200000
 4.963316
 0.900000
 1.200000
 4.968287
 1.000000
 1.200000
 4.970000
 1.100000
 1.200000
 4.968287
 1.200000
 1.200000
 4.963316
 1.300000
 1.200000
 4.955572
 1.400000
 1.200000
 4.945816
 1.500000
 1.200000
 4.935000
 1.600000
 1.200000
 4.924184
 1.700000
 1.200000
 4.914428
 1.800000
 1.200000
 4.906684
 1.900000
 1.200000
 4.901713
 2.000000
 1.200000
 4.900000
 0.000000
 1.600000
 4.900000
 0.100000
 1.600000
 4.901713
 0.200000
 1.600000
 4.906684
 0.300000
 1.600000
 4.914428
 0.400000
 1.600000
 4.924184
 0.500000
 1.600000
 4.935000
 0.600000
 1.600000
 4.945816
 0.700000
 1.600000
 4.955572
 0.800000
 1.600000
 4.963316
 0.900000
 1.600000
 4.968287
 1.000000
 1.600000
 4.970000
 1.100000
 1.600000
 4.968287
 1.200000
 1.600000
 4.963316
 1.300000
 1.600000
 4.955572
 1.400000
 1.600000
 4.945816
 1.500000
 1.600000
 4.935000
 1.600000
 1.600000
 4.924184
 1.700000
 1.600000
 4.914428
 1.800000
 1.600000
 4.906684
 1.900000
 1.600000
 4.901713
 2.000000
 1.600000
 4.900000
 0.000000
 2.000000
 4.900000
 0.100000
 2.000000
 4.901713
 0.200000
 2.000000
 4.906684
 0.300000
 2.000000
 4.914428
 0.400000
 2.000000
 4.924184
 0.500000
 2.000000
 4.935000
 0.600000
 2.000000
 4.945816
 0.700000
 2.000000
 4.955572
 0.800000
 2.000000
 4.963316
 0.900000
 2.000000
 4.968287
 1.000000
 2.000000
 4.970000
 1.100000
 2.000000
 4.968287
 1.200000
 2.000000
 4.963316
 1.300000
 2.000000
 4.955572
 1.400000
 2.000000
 4.945816
 1.500000
 2.000000
 4.935000
 1.600000
 2.000000
 4.924184
 1.700000
 2.000000
 4.914428
 1.800000
 2.000000
 4.906684
 1.900000
 2.000000
 4.901713
 2.000000
 2.000000
 4.900000
 0.000000
 0.000000
 5.000000
 0.100000
 0.000000
 5.000000
 0.200000
 0.000000
 5.000000
 0.300000
 0.000000
 5.000000
 0.400000
 0.000000
 5.000000
 0.500000
 0.000000
 5.000000
 0.600000
 0.000000
 5.000000
 0.700000
 0.000000
 5.000000
 0.800000
 0.000000
 5.000000
 0.900000
 0.000000
 5.000000
 1.000000
 0.000000
 5.000000
 1.100000
 0.000000
 5.000000
 1.200000
 0.000000
 5.000000
 1.300000
 0.000000
 5.000000
 1.400000
 0.000000
 5.000000
 1.500000
 0.000000
 5.000000
 1.600000
 0.000000
 5.000000
 1.700000
 0.000000
 5.000000
 1.800000
 0.000000
 5.000000
 1.900000
 0.000000
 5.000000
 2.000000
 0.000000
 5.000000
 0.000000
 0.400000
 5.000000
 0.100000
 0.400000
 5.000000
 0.200000
 0.400000
 5.000000
 0.300000
 0.400000
 5.000000
 0.400000
 0.400000
 5.000000
 0.500000
 0.400000
 5.000000
 0.600000
 0.400000
 5.000000
 0.700000
 0.400000
 5.000000
 0.800000
 0.400000
 5.000000
 0.900000
 0.400000
 5.000000
 1.000000
 0.400000
 5.000000
 1.100000
 0.400000
 5.000000
 1.200000
 0.400000
 5.000000
 1.300000
 0.400000
 5.000000
 1.400000
 0.400000
 5.000000
 1.500000
 0.400000
 5.000000
 1.600000
 0.400000
 5.000000
 1.700000
 0.400000
 5.000000
 1.800000
 0.400000
 5.000000
 1.900000
 0.400000
 5.000000
 2.000000
 0.400000
 5.000000
 0.000000
 0.800000
 5.000000
 0.100000
 0.800000
 5.000000
 0.200000
 0.800000
 5.000000
 0.300000
 0.800000
 5.000000
 0.400000
 0.800000
 5.000000
 0.500000
 0.800000
 5.000000
 0.600000
 0.800000
 5.000000
 0.700000
 0.800000
 5.000000
 0.800000
 0.800000
 5.000000
 0.900000
 0.800000
 5.000000
 1.000000
 0.800000
 5.000000
 1.100000
 0.800000
 5.000000
 1.200000
 0.800000
 5.000000
 1.300000
 0.800000
 5.000000
 1.400000
 0.800000
 5.000000
 1.500000
 0.800000
 5.000000
 1.600000
 0.800000
 5.000000
 1.700000
 0.800000
 5.000000
 1.800000
 0.800000
 5.000000
 1.900000
 0.800000
 5.000000
 2.000000
 0.800000
 5.000000
 0.000000
 1.200000
 5.000000
 0.100000
 1.200000
 5.000000
 0.200000
 1.200000
 5.000000
 0.300000
 1.200000
 5.000000
 0.400000
 1.200000
 5.000000
 0.500000
 1.200000
 5.000000
 0.600000
 1.200000
 5.000000
 0.700000
 1.200000
 5.000000
 0.800000
 1.200000
 5.000000
 0.900000
 1.200000
 5.000000
 1.000000
 1.200000
 5.000000
 1.100000
 1.200000
 5.000000
 1.200000
 1.200000
 5.000000
 1.300000
 1.200000
 5.000000
 1.400000
 1.200000
 5.000000
 1.500000
 1.200000
 5.000000
 1.600000
 1.200000
 5.000000
 1.700000
 1.200000
 5.000000
 1.800000
 1.200000
 5.000000
 1.900000
 1.200000
 5.000000
 2.000000
 1.200000
 5.000000
 0.000000
 1.600000
 5.000000
 0.100000
 1.600000
 5.000000
 0.200000
 1.600000
 5.000000
 0.300000
 1.600000
 5.000000
 0.400000
 1.600000
 5.000000
 0.500000
 1.600000
 5.000000
 0.600000
 1.600000
 5.000000
 0.700000
 1.600000
 5.000000
 0.800000
 1.600000
 5.000000
 0.900000
 1.600000
 5.000000
 1.000000
 1.600000
 5.000000
 1.100000
 1.600000
 5.000000
 1.200000
 1.600000
 5.000000
 1.300000
 1.600000
 5.000000
 1.400000
 1.600000
 5.000000
 1.500000
 1.600000
 5.000000
 1.600000
 1.600000
 5.000000
 1.700000
 1.600000
 5.000000
 1.800000
 1.600000
 5.000000
 1.900000
 1.600000
 5.000000
 2.000000
 1.600000
 5.000000
 0.000000
 2.000000
 5.000000
 0.100000
 2.000000
 5.000000
 0.200000
 2.000000
 5.000000
 0.300000
 2.000000
 5.000000
 0.400000
 2.000000
 5.000000
 0.500000
 2.000000
 5.000000
 0.600000
 2.000000
 5.000000
 0.700000
 2.000000
 5.000000
 0.800000
 2.000000
 5.000000
 0.900000
 2.000000
 5.000000
 1.000000
 2.000000
 5.000000
 1.100000
 2.000000
 5.000000
 1.200000
 2.000000
 5.000000
 1.300000
 2.000000
 5.000000
 1.400000
 2.000000
 5.000000
 1.500000
 2.000000
 5.000000
 1.600000
 2.000000
 5.000000
 1.700000
 2.000000
 5.000000
 1.800000
 2.000000
 5.000000
 1.900000
 2.000000
 5.000000
 2.000000
 2.000000
 5.000000
